9 16 13 6
16.222222 8.394495
506.466667 236.028571
127.750000 82.933333
8.650000 13.100000
30.257732 30.935185
6.500000 8.100000
226.125000 35.500000
88.606061 53.427350
105.948276 67.800000
66.600000 69.363636
303.500000 107.333333
103.888889 59.470588
87.600000 81.272727
43.333333 52.500000
48.800000 29.611111
3.300000 4.812500
16.333333 10.812500
6.500000 4.437500
9.444444 9.888889
221.000000 156.666667
85.714286 57.250000
70.500000 107.000000
100.000000 24.600000
26.333333 27.555556
96.250000 56.125000