6 65 71 72 62 80 61 57 64 73 70 58 87 77 84 49
7 38 38 34 43 39 50 45 52 38 52 39 48 49 43 59 42 45 53 38 49 48
6 182 191 172 212 206 198 196 167 188 175 181 188 178 157 164
4 -30 -31 -32 -21 -31 -41
9 68 92 58 85 99 65 95 98 102 136 82 112 112 102 142 126 122 92 136 88 132 122 75 132 95 78 122 116 88 106 102 105 51 112 146 142
6 4 -1 9 -11 -6 4 -16 -16 -6 -1 -11 9 -1 -1 4
3 23 21 7
7 144 158 145 170 127 163 121 151 136 139 155 164 136 154 167 167 148 140 152 171 149
7 -41 -14 -44 -25 -32 -37 -12 -33 -31 -45 -24 -34 -22 -21 -12 -21 -35 -25 -14 -2 -22
7 27 56 25 43 46 36 37 45 46 24 44 35 25 35 35 27 37 16 33 24 48
5 52 19 25 38 32 39 38 44 24 33
6 -8 -5 4 -23 -13 23 -17 1 11 -32 -8 -4 -1 14 -27
5 -3 -12 1 -13 -17 -18 -4 -14 -5 -19
4 200 197 194 213 207 210
7 122 85 69 73 50 108 89 87 106 62 81 102 99 75 81 94 71 93 83 60 120
3 35 39 40
9 223 203 184 208 207 237 227 218 213 218 233 222 238 204 203 203 217 222 199 238 226 237 194 223 228 228 218 214 227 208 227 204 227 198 207 217
4 82 88 76 91 85 79
3 -24 -24 -32
4 -26 -22 -36 -38 -34 -24
5 178 189 155 163 160 179 171 174 170 173
3 65 64 61
9 14 44 34 31 12 -10 12 7 27 19 17 19 41 8 32 20 41 46 15 5 3 44 30 -5 22 -7 17 22 32 17 36 9 17 39 36 22
8 95 91 74 103 116 105 106 106 120 98 101 89 96 81 91 87 96 118 67 77 84 108 116 89 104 120 103 118
7 137 129 113 128 119 128 143 134 144 119 149 158 150 149 143 128 135 135 134 143 120
9 114 123 123 122 106 143 146 119 83 126 90 103 86 126 135 126 112 106 130 94 103 115 134 146 134 102 110 123 143 118 154 95 114 99 130 115
7 111 97 80 91 82 117 93 72 90 118 99 99 107 93 92 101 82 74 100 72 92
3 191 192 183
5 91 96 98 93 86 93 95 103 105 100
6 203 193 211 197 208 207 196 219 207 218 204 200 215 222 210
9 142 129 149 157 175 129 182 145 166 149 150 143 128 121 159 138 170 153 161 137 171 143 121 120 128 138 121 142 150 137 121 154 150 153 154 122
8 130 133 156 155 174 175 156 167 175 165 152 186 151 157 164 141 134 121 145 164 146 175 162 185 144 151 185 144
3 105 103 108
9 -23 -13 2 21 21 3 -42 12 -36 -1 2 -8 18 -13 2 27 -7 8 8 -26 -1 12 -17 -7 9 3 -17 17 -26 -11 6 -10 -16 -7 -23 -27
3 61 58 67
4 70 76 82 75 81 87
6 -33 -31 -16 -19 -27 -29 -43 -46 -21 -31 -39 -24 -36 -48 -12
5 -45 -40 -31 -25 -22 -16 -11 -2 -17 -31
9 -29 0 -45 -17 -27 -18 -30 -5 -1 -25 -24 -16 -41 -34 -17 -29 -41 -29 -45 -17 -12 -11 -28 -30 -13 -15 2 -27 -29 -10 -46 -26 -40 -33 -22 -34
6 69 81 89 80 75 90 77 71 91 82 76 70 87 101 96
3 100 108 94
7 194 188 231 207 223 201 204 217 225 220 195 230 196 218 210 175 205 185 215 214 197
7 29 -13 23 -30 -2 2 13 4 -23 11 -7 14 -5 -32 -4 -25 -14 -20 -14 -41 2
8 202 243 217 236 253 225 217 217 208 181 253 225 208 234 200 244 215 189 217 209 236 226 226 207 198 245 234 234
4 -21 -17 -12 -32 -27 -17
9 183 197 181 182 232 178 215 164 175 172 207 205 213 198 190 208 182 200 188 197 189 192 199 172 180 170 207 180 165 193 200 205 217 173 162 225
9 222 209 196 195 188 193 217 211 210 224 237 224 225 213 189 201 200 202 212 203 202 223 194 214 233 187 190 215 211 204 208 199 182 201 198 216
5 82 97 94 92 103 98 86 109 107 88
8 9 12 30 14 10 4 30 34 2 10 4 -4 30 30 18 22 8 24 20 -2 18 24 26 -12 14 20 22 4
9 19 37 -29 27 13 -14 -2 -42 -9 -7 1 -47 -11 -40 -38 -43 4 10 -17 -27 -30 -55 -21 -13 -35 -16 -6 -21 -3 10 0 -34 6 -26 -23 18
3 7869 7844 7837
7 2914 2905 2818 2947 2881 2942 2830 2855 2891 2879 2884 2902 2878 2944 2896 2854 2965 2917 2939 2921 2860
7 1582 1707 1753 1633 1718 1642 1668 1693 1668 1653 1682 1628 1739 1693 1647 1728 1654 1568 1679 1608 1607
3 14107 14116 14077
7 16093 16173 16157 16117 16108 16113 16052 16169 16142 16101 16128 16064 16015 16080 16091 16158 16146 16076 16035 16081 16097
7 5114 5243 5146 5251 5194 5115 5189 5132 5226 5201 5200 5147 5129 5186 5209 5280 5157 5172 5171 5208 5218
5 16899 16878 16878 16872 16905 16885 16879 16879 16906 16899
6 16037 16149 15984 16039 16057 16027 16092 16064 16004 16119 16096 16084 16007 15972 16069
9 13445 13531 13472 13490 13546 13591 13502 13610 13474 13518 13456 13514 13536 13440 13512 13522 13605 13489 13558 13577 13551 13458 13517 13563 13486 13461 13484 13530 13477 13535 13443 13549 13565 13517 13533 13519
8 18492 18434 18393 18330 18439 18343 18363 18464 18438 18354 18430 18450 18404 18350 18480 18414 18410 18426 18442 18451 18462 18538 18510 18339 18384 18522 18423 18380
7 9948 10028 10037 10015 10047 9999 9986 9884 10038 9957 9935 10076 9996 9913 9964 9974 9926 9986 9935 9977 10025
9 13662 13467 13504 13508 13465 13563 13593 13453 13548 13482 13581 13534 13497 13461 13625 13589 13619 13526 13574 13406 13552 13534 13536 13595 13491 13647 13551 13520 13435 13564 13617 13423 13489 13519 13580 13514
6 1803 1842 1790 1711 1776 1770 1810 1862 1777 1724 1750 1816 1836 1797 1751
5 19403 19429 19362 19445 19435 19394 19461 19419 19378 19486
7 3172 3203 3110 3214 3156 3222 3067 3179 3113 3133 3195 3245 3160 3086 3137 3148 3198 3179 3129 3102 3152
7 9915 9955 9943 9967 9965 9917 9932 9905 9916 9892 9933 9882 9938 9957 9915 9893 9940 9968 9990 9966 9865
9 14646 14615 14572 14716 14561 14611 14672 14567 14576 14555 14535 14636 14700 14541 14640 14587 14540 14631 14652 14531 14604 14626 14600 14636 14651 14546 14582 14620 14546 14550 14616 14595 14680 14551 14631 14610
6 -3661 -3657 -3613 -3644 -3672 -3724 -3618 -3603 -3641 -3626 -3683 -3667 -3693 -3698 -3631
3 -3293 -3289 -3289
4 -61 -59 -30 -102 -67 -73
8 -3629 -3530 -3544 -3598 -3634 -3615 -3561 -3573 -3682 -3663 -3646 -3595 -3547 -3614 -3556 -3665 -3578 -3641 -3687 -3586 -3597 -3612 -3505 -3590 -3639 -3573 -3620 -3653
3 793 840 817
4 12755 12777 12725 12747 12778 12724
9 13442 13521 13458 13498 13487 13489 13537 13497 13464 13511 13451 13426 13582 13559 13476 13403 13474 13535 13388 13584 13410 13449 13560 13448 13451 13519 13426 13413 13521 13378 13365 13473 13499 13474 13496 13543
8 18018 17941 17980 17934 17987 17969 17904 17915 18033 17935 17942 17952 18002 18007 17930 17869 17909 17927 18000 17972 17967 17947 17916 17897 17995 18013 17844 17881
5 -858 -826 -836 -878 -901 -868 -891 -881 -923 -846
3 8814 8841 8867
7 -4461 -4424 -4475 -4420 -4410 -4496 -4404 -4414 -4434 -4372 -4455 -4362 -4434 -4393 -4440 -4502 -4383 -4413 -4342 -4454 -4482
4 19046 19041 19036 19014 19019 19014
6 8939 8955 8921 8891 8968 8881 8950 8876 8929 8924 8911 8965 8920 8926 8894
6 -1085 -1137 -1078 -1096 -1100 -1100 -1118 -1063 -1081 -1063 -1133 -1100 -1115 -1096 -1115
8 10783 10818 10725 10773 10764 10812 10722 10813 10859 10774 10766 10840 10700 10776 10791 10748 10832 10867 10831 10866 10749 10839 10801 10805 10747 10790 10683 10741
4 3016 3039 2997 3018 2995 3037
4 1969 1979 1960 1949 1939 1958
3 -4544 -4525 -4517
7 17844 17803 17816 17776 17811 17732 17743 17752 17827 17783 17743 17794 17824 17756 17760 17784 17719 17692 17807 17835 17767
5 2426 2406 2375 2484 2433 2491 2460 2433 2457 2399
4 6373 6388 6383 6409 6399 6394
6 18699 18656 18656 18699 18730 18649 18606 18678 18709 18680 18709 18659 18680 18635 18625
5 -11 18 6 -37 10 -2 -25 -8 24 -19
7 16019 16122 16073 16060 16112 16078 16109 16049 16093 16079 16166 16111 16037 16067 16092 16142 16091 16018 16133 16153 16068
6 1033 999 965 981 940 888 965 922 906 956 931 999 1024 974 947
7 17431 17466 17406 17425 17405 17386 17491 17385 17391 17417 17400 17430 17372 17392 17445 17377 17446 17451 17438 17452 17378
7 -927 -882 -868 -992 -957 -862 -912 -967 -947 -913 -917 -962 -838 -907 -888 -877 -907 -952 -923 -883 -937
4 6054 6066 6115 6103 6075 6094
7 11625 11554 11574 11533 11586 11586 11614 11657 11607 11655 11616 11602 11595 11685 11593 11545 11637 11565 11627 11678 11634
9 -1202 -1182 -1156 -1216 -1175 -1289 -1242 -1134 -1181 -1196 -1132 -1231 -1240 -1244 -1310 -1277 -1126 -1108 -1204 -1252 -1317 -1102 -1214 -1236 -1208 -1268 -1228 -1292 -1100 -1264 -1207 -1338 -1183 -1150 -1350 -1158
7 11459 11416 11465 11546 11520 11483 11554 11493 11469 11388 11431 11439 11440 11491 11517 11503 11430 11402 11467 11378 11477
5 -1796 -1760 -1784 -1767 -1772 -1808 -1719 -1820 -1743 -1755
9 15025 14981 14998 15034 15052 15006 15065 14964 14966 14983 14975 14975 15006 14966 15096 15037 14924 14990 15023 14935 14933 14952 14941 14943 15065 14979 15014 15021 15080 14997 14964 15037 14983 15042 14995 15021
