20 19 2 20 3 4 17 18 7 16 10 11 14 5 6 12 13 9 1 8 15
10 8 5 10 2 4 3 6 9 1 7
9 8 2 3 1 7 6 5 4 9
12 11 8 7 9 3 2 5 10 6 4 12 1
10 1 2 3 5 7 4 8 6 9 10
20 19 20 9 14 18 17 3 1 13 10 11 12 7 6 8 2 4 16 5 15
18 7 18 4 13 1 6 14 10 8 16 5 12 3 9 11 2 17 15
3 1 3 2
20 19 11 20 16 15 9 7 8 3 5 14 2 12 1 4 13 10 18 6 17
10 5 6 9 3 8 2 7 4 1 10
16 10 16 2 12 11 15 7 3 9 6 13 8 5 1 14 4
6 1 4 2 6 3 5
12 5 1 3 9 2 7 8 11 6 4 10 12
5 3 1 5 4 2
6 2 6 4 3 5 1
10 6 3 10 5 1 8 2 7 9 4
15 8 14 5 12 9 3 4 1 7 2 13 11 15 6 10
2 1 2
12 5 2 4 1 11 3 7 6 9 10 8 12
5 1 2 4 5 3
13 4 7 3 2 13 9 6 1 5 10 8 12 11
3 3 1 2
19 4 13 10 11 7 6 5 1 2 3 18 9 12 16 15 8 14 17 19
9 3 7 9 1 4 2 8 5 6
15 9 2 7 4 8 5 6 15 10 3 11 12 13 14 1
8 8 2 6 1 7 4 3 5
5 5 1 2 4 3
14 9 10 3 1 2 14 4 5 12 8 7 11 13 6
10 3 2 7 5 4 10 8 1 9 6
13 3 9 1 7 5 8 4 10 6 2 12 11 13
3 2 1 3
3 1 2 3
15 12 5 8 7 4 9 13 6 11 3 2 14 10 15 1
2 1 2
12 12 9 3 11 4 1 8 7 5 10 6 2
16 2 13 9 12 10 8 7 4 14 6 11 1 15 16 5 3
5 4 3 5 2 1
7 5 1 3 2 7 6 4
17 10 7 3 8 6 15 1 2 4 17 16 9 11 13 12 5 14
11 7 3 11 9 1 5 10 6 2 8 4
18 7 1 3 8 14 9 2 13 10 12 11 18 15 6 17 16 4 5
16 12 10 15 4 6 14 7 8 5 9 11 2 13 16 3 1
18 1 15 13 8 5 10 12 7 9 3 11 4 16 6 2 14 17 18
6 1 2 6 4 5 3
20 2 7 1 11 10 6 8 3 18 5 13 17 14 15 12 16 4 20 19 9
0