14 93 95
80 74 37
57 19 71
10 94 68
83 61 6
21 38 42
14 52 45
1 39 26
60 29 37
23 54 24
15 1 20
41 89 33
11 59 65
5 78 21
17 83 30
6 76 12
58 21 84
48 46 98
76 34 50
81 58 9
81 77 31
69 61 98
79 25 38
56 46 48
90 27 4
66 91 72
86 74 30
83 23 39
68 72 86
25 32 61
53 15 41
14 12 74
90 49 94
87 48 73
14 4 28
4 75 18
29 4 83
52 42 20
23 27 54
55 39 73
69 32 98
32 5 2
32 98 67
79 70 57
82 50 43
9 67 8
12 1 11
6 72 40
84 77 43
23 49 65
6 98 71
10 52 91
59 18 74
81 26 5
30 21 36
48 28 69
100 91 77
71 82 41
47 24 46
47 40 29
45 63 3
96 5 8
65 79 69
43 83 28
63 70 60
42 39 41
84 15 88
17 7 87
40 4 9
32 85 7
46 87 53
50 47 49
80 15 96
63 94 61
84 5 3
22 45 17
89 84 10
95 22 94
99 30 10
83 36 2
21 41 85
19 41 30
34 37 79
79 49 59
84 51 73
80 19 56
64 28 30
85 73 18
15 83 64
2 36 14
94 20 48
35 49 21
71 79 39
19 89 72
21 13 3
39 21 38
18 2 17
91 71 80
25 34 17
12 100 83
31 47 84
31 67 30
61 6 64
2 29 86
66 31 56
86 68 76
87 37 66
57 16 35
43 84 77
42 66 1
88 2 12
7 31 94
12 46 76
92 31 89
75 86 90
94 13 55
30 78 93
98 12 31
81 89 40
47 41 34
48 5 75
30 50 14
75 26 20
5 14 83
90 55 27
54 61 1
31 53 94
94 36 24
34 75 21
27 8 53
83 34 51
32 47 98
9 19 27
74 53 53
28 79 57
89 79 98
93 25 51
28 48 33
2 20 79
61 24 12
94 75 90
93 72 72
11 51 4
15 3 12
94 12 38
24 61 65
48 12 5
47 96 98
18 74 77
42 38 31
16 27 91
39 99 37
41 2 29
96 65 91
7 2 5
67 19 50
30 23 74
26 72 73
51 49 72
88 31 89
15 21 30
13 57 97
66 37 36
82 27 76
84 32 71
2 81 77
76 6 96
100 31 77
100 2 54
30 90 5
50 72 44
59 68 58
47 3 22
74 79 39
57 1 21
89 30 56
47 25 57
77 53 84
78 7 83
19 63 82
90 6 11
58 64 13
12 37 23
42 76 69
43 96 94
72 51 2
48 59 91
100 94 89
6 29 65
68 10 94
74 73 12
89 37 2
25 59 11
52 79 22
47 73 64
49 26 58
59 16 29
53 56 28
81 20 27
42 13 85
66 25 4
2 78 29
12 40 69
91 61 94
15 76 97
40 33 96
8 13 44
63 40 55
35 19 7
47 3 39
23 58 32
52 87 98
91 55 99
4 100 11
79 97 53
64 44 67
28 87 58
20 93 65
38 51 80
92 89 14
49 21 12
87 70 87
42 68 38
93 30 29
41 82 32
84 100 62
23 58 77
15 74 5
66 53 24
6 18 13
78 82 4
47 68 4
67 5 91
96 33 84
78 16 76
77 78 69
34 6 52
60 10 26
64 85 41
82 97 58
63 52 15
30 56 45
86 98 91
19 81 57
86 8 5
15 76 82
21 80 10
82 5 96
67 45 55
15 54 18
19 69 51
26 65 65
23 55 46
55 64 32
62 20 2
90 1 87
