0
10900
23394
6062
27976
3024
12233
29602
11328
29661
15551
17781
24186
15490
12594
4843
8046
12973
2279
8422
10480
883
10188
498
23667
25988
14282
16927
12435
28372
21555
28597
9271
14948
22591
7246
17972
4823
24780
17232
4484
10330
22946
16602
13752
5539
21445
21799
6444
11656
18153
16925
12539
28342
5355
30000
6206
12261
19637
11065
24697
18008
2619
11225
15212
5499
3815
10390
23471
8638
5170
28636
1054
3432
21581
17657
17185
15052
9101
26916
9429
20758
15068
14286
3296
1341
19641
27435
13603
27211
8500
26232
15218
11119
7456
18362
16619
11271
28753
28022
7841
21855
14589
8896
25287
24102
26553
403
9154
5653
15251
18583
14343
319
2868
5572
19593
10441
3006
21128
7651
11506
17359
10802
10558
24815
29164
15109
6085
15848
13130
13927
25635
15652
10755
20922
9753
7307
9257
6839
892
24509
25422
3168
24828
16222
8740
2352
26664
11746
23481
4314
11185
10839
15116
21743
5654
2212
6851
29672
5992
7913
1530
1627
11497
217
22549
21251
7524
1805
28090
26350
26314
11444
29518
9073
15598
26190
29359
193
7935
22839
22441
19120
21610
25489
28795
15196
27701
23578
14868
3693
19424
4330
23253
920
4548
15801
22171
4
5538
8193
14286
19785
7569
13803
16790
11099
27925
16148
11293
5860
8986
3733
12912
596
29222
29640
15792
14855
23217
18592
6480
12640
10855
29733
13561
3335
3465
23664
3339
26936
19789
17626
4652
27358
19361
21443
8457
17286
7590
7682
11078
4509
29348
11922
23038
16501
11561
26762
1355
4778
3286
25768
5350
2073
13432
6843
5408
16897
507
26680
1765
20296
14305
6417
5586
21599
27860
1975
26817
23383
9657
7894
15824
9004
19816
26794
25505
19310
11487
14793
12020
2705
28493
17370
4778
11925
24214
10186
16754
12653
6866
18519
20881
9103
12869
26467
701
28661
16374
15450
9975
26031
23344
25799
22967
1092
10524
6404
8334
22012
9129
20354
12649
7621
25656
17428
7478
7801
15546
24233
20454
10344
683
11335
19448
1484
7801
8081
145
24176
23532
10120
8138
4807
23852
19038
23832
4375
25442
2165
14319
22503
10451
26969
123
6107
2328
7602
13908
17874
19767
22295
28219
8382
3629
5598
9867
29363
1611
10012
11470
13075
8064
7541
17883
1915
26579
29647
24224
9952
19745
8542
2454
195
23443
20510
24235
25771
16044
26076
1577
23743
18370
17728
2125
21999
23326
29925
9293
24937
9936
20764
8012
5932
16237
13827
7848
12815
13473
2071
10699
21150
28546
13153
21346
9921
21595
3512
5691
25572
29588
25201
19314
5889
12928
9371
15820
6253
9295
25114
19123
7163
3809
15067
13096
20046
28894
8876
2860
298
10947
1491
21449
27425
2576
726
7345
24171
4238
969
19742
21759
14102
26989
27648
27031
6359
13468
3283
15655
26514
10338
22818
322
25405
23846
8300
24298
2721
11160
12529
1600
583
3977
29026
3159
22636
24303
27330
14806
13204
5004
24497
27307
19925
10077
24337
26284
11477
15552
29871
7990
25891
10621
26245
9227
4466
4544
3525
7188
3636
3986
8788
4219
25896
25746
7378
18531
7981
22640
3336
21185
15576
15766
6423
5500
25843
18692
1784
7319
4244
19587
15309
18067
207
29486
27294
4674
4029
18751
11862
7665
10669
8582
29817
6564
4328
7194
25095
12309
29834
16364
21426
15410
2129
27850
8842
15904
16541
10626
23223
8717
18146
26464
14716
18353
25949
29943
23027
29978
6625
22821
25575
17295
1403
25391
23859
23664
2584
6886
5972
20350
11182
15330
23692
1243
13179
2534
17147
17653
1092
10369
14302
19238
24765
16951
25524
20713
16893
18550
20690
23518
11371
4196
28745
706
29587
10536
24370
20103
5354
18274
28385
16536
3603
10009
17779
4715
12543
22858
10300
1567
21159
12534
8738
15923
29485
4261
6635
16377
10743
15257
27828
10046
19453
14504
28685
6971
25040
23054
15006
393
29260
13390
4861
2863
23399
10572
25511
23874
21362
23743
13374
12520
6276
10044
28443
5761
2237
23010
10070
12980
26199
7897
10959
3583
10334
9643
28487
5373
20630
13492
23700
19889
26883
16493
10684
20281
27066
6194
2087
18427
29937
15461
18880
6213
25505
5254
29907
27742
28265
9976
28654
12395
5806
9612
15979
16140
7188
14465
9445
27818
15890
21077
5638
12772
7570
16323
20985
22568
10449
23072
28927
28319
8532
17806
22464
21969
23061
22370
19710
9257
20278
18364
21652
26084
15908
25563
12223
23096
27961
9601
8845
13850
677
2416
14554
8247
18739
5538
814
17120
28611
17674
15438
25075
5479
25834
17044
28540
18203
6753
25729
8481
13049
5313
22497
16890
875
4720
27918
16768
14321
24696
18550
14998
27112
3103
11178
15850
8642
29925
2969
25185
17598
6340
20259
23078
2173
25235
9549
8309
19921
5278
4722
20902
28524
27219
7791
29399
1938
5709
4099
4191
404
10581
7122
27516
13685
6232
1297
10259
6156
22199
23376
11687
28539
1566
22697
18645
26802
20178
26954
4654
13388
1675
25556
11911
28894
3347
29243
18765
26989
3341
10888
27393
13922
18010
12840
15539
12174
2069
13730
18331
24268
7105
17950
10739
26605
10646
29384
23406
823
14269
28060
14212
3876
23615
14055
20702
14894
13297
9466
11882
16638
8287
27207
18493
26297
27979
21964
26404
47
5694
2666
24316
731
20616
5054
27336
19194
22370
8673
7949
24571
24665
10093
28447
6212
24149
19148
21106
7445
16547
20921
12016
24834
18127
508
9062
16106
10404
5465
4085
4030
8131
28401
4762
28747
21387
20030
5872
1688
28704
13822
26259
11300
23915
12637
17512
18063
1785
26551
25509
6264
17471
25457
1097
23530
13897
10159
27568
24301
3557
1653
28332
11688
53
21026
28368
9373
11055
4239
11061
27691
5993
25253
8991
29909
7889
14435
5903
27607
10985
19344
3870
28456
14800
4967
9918
28697
3059
7485
10930
6616
9138
9261
6236
27125
286
4603
24430
29274
26776
5490
26965
2768
18675
5955
20609
26565
20390
26513
12103
19308
3788
15974
5695
18589
8873
15613
5217
11932
23099
16147
6480
20169
13340
12717
5225
13626
5252
29655
12900
2027
23078
27797
4796
11752
3751
13337
26249
12073
9849
8352
1380
1570
24326
7076
20159
21131
10621
13308
3063
21652
29456
27476
29754
727
10192
