10
2467 1797
1 1655 600
2 1369 902 -371 -54
0
6761 7844
1 3629 7342
4 1561 1617 1629 -187
1 3600 1964
0
8070 5291
2 7858 1035 -7816 4093
4 4702 3963 -686 -1178
2 5149 4020 -670 -2093
1 6877 3645
1 4383 3482
0
1138 4404
1 34 4353
1 475 91
1 76 1370
2 185 4365 -93 -2003
0
4244 7766
1 3548 6481
1 1143 5753
1 2510 6603
0
5803 4766
1 1083 3895
1 5078 3172
1 5636 2070
1 3540 1074
1 3593 716
1 842 593
1 667 915
1 1101 4000
1 5475 2805
0
7614 1737
1 572 1376
1 5919 96
1 4733 890
1 1436 843
2 6946 320 -6281 851
1 4892 74
1 6549 400
1 32 341
0
14 9164
1 9 852
2 11 166 -8 8978
1 9 8938
0
8687 9526
1 8048 7674
1 2410 8977
1 514 8977
1 7828 4370
0
2059 5858
1 1626 3632
1 34 909
0