1000
21 14 68
14 3 170
18 17 159
2 2 106
7 1 28
9 9 196
11 8 37
20 14 103
8 6 183
18 6 119
15 12 127
12 5 70
17 2 100
18 16 104
18 16 134
2 2 142
7 5 69
14 12 63
19 3 60
19 19 130
20 11 36
18 11 89
22 15 143
12 10 47
8 3 130
18 16 7
19 3 149
19 5 85
14 11 41
8 5 132
6 3 40
17 17 138
16 2 83
21 15 34
21 4 59
10 7 178
17 7 187
15 8 125
2 2 30
21 7 98
8 2 91
4 4 156
7 7 175
20 11 151
3 2 125
22 8 108
13 1 138
13 10 154
9 8 110
14 11 22
22 7 147
8 1 14
22 19 192
7 4 11
16 13 138
17 13 196
18 14 151
16 13 175
22 3 22
13 6 69
11 10 135
21 9 19
16 16 189
7 5 129
10 8 84
3 3 111
23 4 115
6 4 136
10 10 50
10 4 199
22 15 9
7 6 190
7 7 86
23 1 124
12 9 104
12 7 59
12 3 197
15 9 190
5 3 158
18 17 139
12 11 180
3 3 159
17 15 89
7 3 3
8 1 56
10 7 163
23 16 34
14 3 45
15 3 199
19 19 22
17 13 77
15 3 76
6 4 111
9 1 62
5 1 190
13 4 3
6 5 86
12 10 18
22 12 133
22 8 122
2 1 130
6 2 26
4 2 150
10 1 146
6 6 154
17 4 80
13 8 130
15 5 67
19 11 196
2 2 87
4 4 83
18 2 115
12 3 72
11 2 114
13 3 54
8 2 33
3 2 157
2 1 47
21 13 145
6 2 130
15 14 51
18 6 45
4 2 40
6 3 155
17 12 50
21 9 75
14 14 19
7 7 159
18 18 26
16 1 115
10 3 75
9 9 34
9 4 98
17 5 174
5 3 69
17 15 103
21 15 28
9 7 128
5 4 125
10 2 62
7 6 33
7 5 126
2 1 143
4 1 65
5 4 161
22 21 71
17 9 34
22 4 97
5 1 151
12 1 96
15 12 126
4 3 59
15 14 67
23 1 52
8 8 65
10 8 1
20 11 127
7 2 171
8 4 28
12 10 165
8 6 87
13 6 178
9 5 28
8 1 24
18 16 163
2 2 138
11 11 126
12 5 3
16 4 127
17 14 12
13 8 121
10 4 189
14 1 52
15 14 101
18 14 179
7 4 78
12 12 40
2 1 158
11 5 109
17 3 2
8 2 29
18 7 6
5 1 105
18 11 73
15 7 86
8 6 27
14 8 158
19 7 70
6 2 23
16 9 118
15 4 42
19 6 30
5 2 133
3 1 54
22 11 135
12 6 58
6 4 164
21 2 112
15 11 49
4 3 24
18 8 112
3 3 60
11 10 71
14 4 6
4 4 199
21 9 194
11 2 135
15 11 177
12 6 149
16 2 14
13 13 56
2 2 12
10 3 79
9 2 97
10 6 114
10 1 19
7 1 133
7 4 170
22 20 89
18 16 98
10 4 146
22 11 52
2 2 59
5 1 193
10 4 182
3 2 176
12 6 198
12 8 162
23 2 142
2 1 14
11 9 78
17 6 14
20 13 2
9 5 71
23 2 85
22 1 99
19 1 48
21 5 22
10 1 164
19 1 90
22 8 143
15 15 192
8 7 33
17 10 176
19 9 23
7 6 185
3 3 65
11 3 146
14 6 79
18 18 120
21 10 145
18 3 46
6 2 71
11 9 133
6 5 88
21 10 102
15 6 128
21 1 16
8 4 144
22 10 144
15 10 64
19 19 189
16 6 61
22 11 155
2 2 91
19 9 31
2 1 68
17 12 36
7 5 39
23 17 25
15 8 160
18 16 145
22 2 127
17 11 156
23 1 97
13 8 165
3 3 114
2 1 149
12 2 7
11 7 5
14 14 13
21 14 166
20 15 142
12 5 57
2 1 39
15 7 16
16 2 42
11 7 38
2 1 51
10 4 94
12 5 53
4 3 34
3 3 35
2 1 149
21 20 14
6 3 1
2 1 59
23 16 162
3 1 77
5 2 103
23 18 149
15 1 75
14 10 124
11 9 79
2 2 20
19 16 146
18 16 193
15 10 99
8 6 139
10 5 62
14 12 162
5 5 116
13 7 70
6 3 172
5 1 16
7 2 131
8 3 89
20 11 86
22 21 175
7 4 152
11 6 80
6 3 74
21 11 133
3 1 114
7 2 191
3 3 29
8 8 1
17 1 175
5 4 68
19 2 169
20 11 30
4 2 110
2 1 81
19 9 68
17 12 65
3 1 27
16 11 127
5 5 82
22 16 87
4 1 122
7 4 16
21 2 125
11 11 163
11 4 7
14 2 3
21 5 82
18 13 31
15 7 85
16 13 94
4 2 55
14 2 49
8 3 132
7 6 159
6 3 196
15 14 80
3 1 119
17 12 99
12 6 63
16 11 23
2 2 38
23 2 59
9 3 99
12 7 1
11 11 153
2 2 141
23 23 163
8 3 198
11 3 29
22 6 31
9 5 59
14 7 141
13 5 163
19 18 193
10 7 199
4 1 147
13 13 39
7 7 116
15 9 16
14 10 171
6 1 158
17 4 125
3 1 131
16 14 134
22 13 138
13 5 79
4 1 115
23 23 150
21 9 138
15 15 24
6 5 9
11 1 86
5 5 53
22 17 27
6 1 50
4 4 20
9 4 142
17 15 166
19 6 17
11 10 10
16 11 94
3 1 101
5 2 190
22 13 169
7 2 69
22 19 23
3 3 111
4 4 192
2 1 75
10 1 56
14 12 173
10 8 148
23 20 6
8 8 151
8 5 82
14 3 40
18 10 163
12 1 16
21 17 160
14 8 87
14 11 146
6 4 101
6 3 188
22 16 175
7 1 84
7 3 177
22 9 124
20 1 177
5 2 183
22 13 126
20 10 78
7 5 135
10 2 69
12 5 184
7 3 27
7 7 13
7 2 9
6 5 186
17 13 44
19 11 51
23 21 51
18 12 55
23 5 66
5 5 194
20 11 173
21 12 43
19 19 171
22 3 182
3 2 38
17 8 196
19 18 43
2 1 59
7 7 71
21 11 59
6 5 184
16 9 11
2 2 35
18 18 104
7 6 139
19 1 151
10 2 59
17 17 157
18 14 90
9 9 76
2 1 34
22 19 49
14 13 34
14 1 136
7 4 38
18 13 129
19 2 45
10 8 53
10 9 136
10 4 98
19 14 16
15 13 101
4 4 124
12 12 34
10 1 55
3 3 120
8 1 132
20 20 88
21 16 84
14 1 194
21 1 161
16 2 98
7 4 141
17 2 193
21 16 179
19 17 78
21 15 21
12 3 77
6 6 179
4 4 90
19 10 125
20 8 9
2 2 78
16 5 8
20 12 123
13 7 162
22 8 164
12 1 133
15 4 155
4 1 197
3 2 105
8 7 81
18 5 188
4 3 118
4 3 42
17 3 124
7 2 22
16 15 117
16 3 180
13 7 151
15 11 82
18 16 77
23 18 185
15 8 9
3 3 130
6 2 56
13 2 123
21 3 187
14 2 178
23 10 117
19 18 70
8 4 94
5 3 150
6 3 53
17 15 88
4 4 156
14 12 181
9 3 66
23 11 179
6 4 141
5 1 46
13 12 90
13 8 134
18 8 83
22 22 97
12 11 83
21 4 32
19 14 80
6 2 152
10 7 47
21 15 190
14 12 87
6 1 15
17 1 178
9 4 62
22 8 56
20 2 153
6 6 82
15 5 148
16 1 136
16 7 60
20 3 54
11 3 44
15 8 33
16 15 127
6 2 2
11 8 56
20 2 174
15 15 74
12 6 154
21 9 100
11 1 66
23 20 182
14 2 182
8 6 72
12 6 33
16 8 166
2 1 94
4 3 149
3 1 167
23 5 21
21 17 189
12 11 170
15 7 16
12 3 169
14 7 98
16 10 200
12 1 200
10 4 72
5 4 86
18 14 132
7 3 45
11 8 161
4 1 32
23 2 69
21 1 138
6 5 78
4 2 23
8 2 143
10 6 189
3 2 48
5 3 185
5 3 94
21 6 83
3 1 154
16 6 96
17 5 165
12 9 107
23 10 194
22 6 69
9 3 169
4 1 80
14 12 132
21 17 64
13 3 137
13 12 75
19 9 81
21 19 126
16 5 160
16 2 33
14 3 176
7 4 163
12 3 198
16 13 81
22 12 59
20 15 147
3 1 98
17 9 73
5 2 156
7 1 189
10 7 116
13 4 10
10 3 56
9 4 143
16 1 113
16 6 169
14 5 51
15 5 160
7 3 104
3 3 200
21 9 62
2 2 154
21 8 188
9 9 84
20 5 119
23 22 30
12 3 170
3 2 48
17 13 127
7 1 141
12 3 189
13 11 146
4 2 184
21 21 179
14 4 63
15 9 197
22 2 136
23 8 191
3 2 2
17 1 168
12 6 72
20 18 146
8 5 39
4 1 164
6 6 2
6 6 5
7 5 198
17 11 164
13 4 122
21 5 46
13 8 142
2 2 152
5 4 194
13 10 83
6 2 23
3 1 139
6 1 140
10 6 24
16 14 125
22 20 134
4 3 131
17 4 46
16 10 151
16 8 164
3 1 10
16 2 109
12 1 121
21 15 56
15 7 57
2 1 76
19 14 142
2 2 180
3 3 68
15 3 119
12 10 120
3 1 92
5 2 61
17 12 33
6 4 76
22 8 75
18 18 77
9 1 130
8 8 73
3 3 188
7 2 94
15 14 82
13 7 177
3 3 140
8 8 84
15 9 22
10 9 123
14 12 182
4 4 92
17 15 35
3 2 103
22 18 142
10 8 92
23 1 1
12 8 163
22 12 11
10 10 61
21 18 75
22 17 196
16 13 39
3 3 46
21 2 68
6 2 64
12 4 18
11 8 27
20 11 52
14 12 59
10 2 6
22 12 20
20 16 132
16 4 192
2 1 116
23 9 73
15 6 134
4 1 170
4 2 79
15 9 134
20 11 104
9 8 123
11 1 191
17 8 59
22 18 59
4 3 84
16 7 169
23 23 136
21 19 143
7 5 189
18 2 158
23 16 70
4 1 114
16 10 62
11 3 105
13 7 103
8 1 130
22 13 150
2 2 45
18 12 66
18 3 174
11 10 148
19 11 199
21 18 153
5 3 44
4 3 164
18 5 23
23 17 93
4 1 78
2 1 179
9 6 149
17 11 36
3 3 63
16 11 21
16 2 74
16 14 89
17 14 93
5 1 150
7 7 133
23 13 4
6 4 32
10 3 31
22 20 8
20 11 82
14 6 178
4 4 60
12 2 34
3 1 31
15 14 183
17 11 91
23 10 198
11 9 91
20 7 104
23 5 62
9 9 187
9 2 2
7 5 98
14 8 59
23 16 182
17 1 88
10 9 180
10 2 131
20 1 6
20 3 60
12 3 161
23 2 82
11 8 94
23 5 147
16 5 139
19 13 118
20 19 153
13 11 56
2 1 2
23 5 194
17 10 193
21 10 138
18 15 12
8 3 28
23 16 49
11 11 150
11 2 76
19 14 37
17 15 44
6 1 62
15 2 168
21 5 105
23 3 109
8 4 193
18 17 70
13 10 15
17 7 144
19 14 75
2 2 159
4 2 10
9 3 41
16 11 176
11 4 104
14 13 41
4 2 196
2 2 52
5 1 84
6 3 51
5 4 182
6 5 78
4 1 166
20 9 86
4 3 90
17 16 126
22 11 46
15 1 56
15 10 174
17 9 76
12 2 2
6 1 175
8 1 72
3 3 146
23 4 119
6 1 38
7 3 163
4 4 140
14 6 104
5 4 40
19 13 46
19 4 46
17 11 63
3 1 81
15 14 143
21 15 78
6 1 2
14 3 170
2 1 140
23 15 27
7 5 176
23 4 101
22 13 3
17 13 85
3 2 108
12 8 145
9 2 59
4 4 78
5 2 42
10 6 24
22 6 130
9 9 16
21 8 160
12 2 94
17 9 49
8 5 25
22 6 134
14 3 171
5 5 85
8 6 124
10 4 25
7 2 13
5 3 8
14 7 105
2 2 92
3 3 135
18 1 199
10 5 22
5 5 177
15 13 109
21 4 69
18 1 39
19 11 119
4 1 140
4 3 33
20 20 188
4 4 21
4 2 189
14 5 43
21 3 105
18 8 110
22 22 162
8 2 5
2 1 43
9 6 21
10 4 188
19 7 192
23 23 57
22 14 12
17 9 139
12 4 108
8 6 152
15 7 159
10 3 14
7 3 61
4 1 3
15 12 174
21 4 76
6 4 162
11 3 130
20 14 52
14 10 171
4 3 8
3 2 41
8 8 10
22 16 161
19 4 55
10 10 124
7 3 167
14 9 33
23 13 67
3 1 161
23 18 92
22 10 88
22 2 118
16 13 189
10 4 67
20 12 120
8 1 68
2 1 115
9 9 8
18 7 123
13 1 64
17 3 194
19 8 44
16 14 27
16 12 21
20 15 165
14 5 94
17 7 1
4 1 152
23 7 144
7 4 162
2 1 35
17 4 164
12 5 89
15 9 31
20 7 75
23 19 182
15 12 93
6 6 124
9 7 62
10 2 170
20 18 180
9 3 115
13 2 137
12 10 54
5 4 182
17 14 17
3 2 186
18 8 158
15 7 111
15 13 172
7 2 165
19 10 48
18 6 112
21 11 54
12 7 141
15 6 121
3 3 199
2 2 90
2 1 189
20 20 120
11 4 10
9 1 117
14 7 54
20 7 194
19 10 55
4 3 95
23 21 147
23 3 29
23 11 22
22 22 34
6 6 130
