1024
20 46 37 27 33 34 12 9 9 28 12 48 8 24 16 29 35 2 5 18 40
12 7 59 41 50 20 19 20 73 75 12 83 68
11 5 57 65 76 77 72 9 56 29 75 12
19 27 47 52 49 52 3 48 18 48 27 34 22 38 15 27 32 15 39 26
17 49 42 40 2 25 19 57 7 49 24 36 27 54 35 17 25 55
2 141 312
16 50 59 39 18 6 22 52 6 36 14 34 25 36 37 46 16
2 432 30
7 1 28 81 13 11 83 21
16 29 38 56 14 35 30 31 38 52 18 41 23 32 12 45 3
15 30 64 66 64 61 10 38 32 6 13 24 17 1 16 7
19 19 31 51 26 35 6 37 33 18 49 44 45 38 32 23 45 29 22 48
3 302 69 261
11 52 76 89 14 43 34 12 35 66 40 24
8 119 106 94 44 3 47 25 3
14 31 15 51 66 3 6 46 19 66 60 4 58 10 10
17 14 23 5 39 41 12 46 33 18 28 47 39 24 51 48 26 5
6 83 149 142 69 104 10
4 52 124 108 242
3 156 87 142
18 40 15 8 22 53 34 35 51 26 7 48 25 7 51 31 32 49 16
18 10 20 26 41 23 50 52 7 15 13 15 37 52 16 32 19 55 52
8 72 117 6 54 11 67 25 26
1 85
13 2 12 75 3 11 17 48 20 2 39 28 53 70
1 212
16 42 47 54 8 48 24 25 31 44 16 27 50 28 29 47 53
6 145 19 128 155 113 70
10 5 55 26 26 47 38 2 23 26 45
10 35 53 30 75 98 81 89 95 20 39
17 11 43 3 43 6 26 1 19 3 57 9 1 17 16 52 34 44
7 56 125 41 4 116 68 3
1 336
4 210 175 162 140
19 33 51 18 10 47 25 12 36 33 4 22 44 17 29 45 15 44 27 40
20 31 47 8 23 32 31 34 8 43 24 28 37 42 26 48 6 26 5 21 36
15 18 56 43 58 58 2 26 13 41 19 41 21 62 13 12
3 49 70 310
9 60 41 66 90 96 62 28 39 110
15 26 32 62 1 21 51 2 46 61 42 62 33 60 58 45
19 36 9 34 24 33 3 34 29 42 51 46 49 10 39 3 48 34 28 48
3 177 101 49
3 128 120 36
9 28 69 105 25 91 69 109 70 33
2 206 124
4 183 16 213 60
14 4 49 54 56 59 48 24 21 65 68 55 56 9 12
8 11 96 97 104 93 30 79 59
20 4 37 45 20 1 6 35 11 10 2 23 19 22 48 29 16 39 18 50 1
19 2 3 11 50 17 51 48 13 16 28 32 36 6 47 16 25 8 8 38
13 43 28 18 60 18 9 4 69 10 76 27 35 46
9 76 83 76 90 85 22 10 2 71
4 52 203 130 185
20 26 17 4 39 22 13 33 44 13 45 16 14 46 6 28 6 16 35 19 48
13 74 74 22 15 18 17 7 53 12 66 10 58 16
3 29 288 34
1 868
19 22 24 36 34 13 50 5 7 30 12 19 19 6 28 25 43 29 39 47
16 27 13 7 42 13 20 11 13 17 51 17 4 20 39 5 50
14 34 34 28 4 15 33 46 14 39 58 4 14 35 39
12 69 20 73 1 20 55 15 59 62 15 37 46
19 13 46 36 46 5 30 15 7 43 16 13 28 8 46 27 22 35 47 12
8 110 16 70 103 68 91 60 84
7 117 49 85 16 140 47 91
16 43 19 22 14 45 43 7 31 1 28 29 49 29 46 38 16
9 61 108 36 1 80 41 14 30 63
14 68 32 59 42 34 55 16 6 3 6 38 47 8 51
3 122 6 110
12 47 37 15 57 78 71 74 77 75 61 6 45
15 7 15 30 28 25 13 53 49 3 34 7 43 60 55 51
7 128 7 30 13 113 39 109
16 10 40 14 29 35 4 49 32 10 28 5 54 49 33 52 27
4 184 155 100 42
3 9 8 225
3 327 245 24
2 168 412
13 4 40 52 57 47 41 30 74 41 64 30 44 45
2 39 129
8 13 45 101 31 53 40 33 74
18 25 27 35 1 5 24 13 16 39 50 36 9 49 55 19 44 5 5
2 411 73
10 98 45 20 5 97 36 15 20 53 19
8 15 61 72 100 23 72 114 49
9 19 12 82 22 3 25 105 50 53
11 37 73 67 78 69 3 14 63 44 68 31
1 367
19 26 16 39 22 28 33 3 21 5 48 34 9 48 51 18 11 45 37 43
7 122 19 55 131 102 118 41
6 127 101 92 92 52 141
9 19 15 53 50 100 51 43 17 15
9 35 24 36 63 42 45 106 66 31
20 7 30 46 25 4 33 40 25 12 26 43 25 10 38 23 34 3 15 22 2
15 16 3 29 43 12 10 34 60 36 16 36 25 9 16 60
19 8 28 31 11 18 35 13 15 19 44 14 17 38 37 31 7 20 50 47
15 57 63 54 26 12 24 48 20 39 41 29 6 4 23 17
8 82 124 103 65 117 58 40 36
20 8 49 5 13 34 19 20 8 39 35 3 16 41 12 28 39 24 14 5 44
20 34 2 48 13 17 41 46 8 2 35 17 50 41 30 35 11 49 42 49 35
14 60 65 59 28 13 34 5 35 50 32 15 39 33 62
8 120 93 55 48 104 49 98 119
3 211 78 324
16 35 41 19 53 14 8 10 9 11 36 58 7 57 54 2 11
12 28 38 17 67 25 4 6 56 67 32 26 67
13 8 15 16 49 53 53 66 72 45 16 23 10 16
5 109 160 65 40 79
2 241 152
6 138 63 145 38 97 87
18 7 21 44 5 47 3 43 7 49 38 52 10 30 41 41 33 50 31
19 20 9 28 36 38 47 44 8 52 34 30 13 37 40 8 11 22 36 25
14 56 65 70 49 35 69 15 4 37 13 57 63 24 46
7 84 23 92 13 64 74 129
8 26 51 104 21 78 110 94 26
14 41 69 42 35 26 56 39 62 29 55 14 52 60 68
19 45 49 1 20 52 5 7 15 25 29 17 14 39 44 8 32 41 6 10
3 107 91 283
19 12 52 39 46 20 41 20 12 37 21 31 12 1 13 27 25 18 43 38
4 118 55 132 228
6 75 33 126 136 18 162
3 242 126 269
5 136 68 41 81 104
19 28 5 28 30 29 21 49 15 24 6 35 35 32 37 32 52 24 39 29
5 110 74 128 2 51
3 107 269 174
13 1 39 13 56 24 17 52 68 19 8 2 42 26
9 105 77 75 28 35 51 92 88 99
16 8 36 56 58 60 49 52 24 39 52 2 60 11 11 48 47
20 31 12 46 41 37 20 46 39 7 49 17 5 28 24 4 5 44 22 26 8
13 16 54 15 53 19 41 65 8 9 9 74 35 70
20 29 41 47 18 50 46 36 4 23 10 8 30 3 29 5 12 41 2 37 29
8 106 39 98 34 43 47 93 10
18 30 3 13 46 2 27 8 35 18 38 34 10 42 23 15 23 11 37
5 7 171 132 39 161
4 49 80 2 17
9 64 111 82 75 13 47 23 33 57
9 39 4 2 82 5 84 61 20 97
3 140 243 50
18 7 7 21 42 44 14 25 34 23 53 37 23 28 54 4 36 19 35
20 19 21 30 39 19 43 1 42 11 37 50 20 34 11 28 10 24 1 26 8
16 41 47 37 24 45 47 9 4 53 4 26 23 18 18 19 44
1 100
20 17 1 50 50 12 27 11 35 29 39 44 44 9 15 30 8 33 2 12 2
20 8 41 8 33 19 17 50 1 18 29 17 19 30 17 30 8 29 16 37 17
20 32 25 24 12 34 8 15 48 12 35 5 4 44 37 24 12 38 24 32 18
11 20 88 69 81 37 77 8 23 44 87 67
10 32 90 14 92 54 13 5 90 17 8
6 61 138 137 30 27 92
11 27 9 50 57 51 87 44 59 71 49 17
9 43 88 110 33 73 25 87 12 58
3 62 194 209
16 33 4 19 42 43 9 49 54 18 27 30 5 13 43 57 28
15 58 48 13 53 43 34 7 46 46 12 26 16 8 64 32
2 130 11
16 18 49 55 35 12 21 37 24 1 31 51 41 33 34 55 13
20 46 13 43 2 4 41 17 26 26 42 17 5 4 42 26 35 12 49 42 44
3 306 18 138
4 123 150 237 189
2 387 235
16 35 42 44 27 40 53 10 61 25 62 20 58 8 28 21 50
19 5 44 4 44 1 23 22 6 37 51 3 35 5 31 32 52 50 36 29
14 57 5 14 49 49 11 28 37 64 35 19 3 25 71
3 292 105 137
9 53 34 107 77 23 54 76 62 98
15 51 1 8 59 30 12 19 4 66 16 21 20 17 45 52
14 25 18 71 31 64 1 18 22 10 52 45 52 19 38
19 7 28 10 23 13 14 5 29 39 8 39 34 19 47 20 36 46 24 9
16 26 56 3 52 12 22 51 46 36 12 43 46 45 14 58 31
7 45 35 27 28 137 109 28
10 50 83 71 81 96 46 28 63 68 73
4 184 200 177 77
11 21 58 83 67 21 77 75 27 8 74 53
6 38 14 149 155 83 79
1 194
14 20 32 67 55 25 70 35 5 69 68 36 32 55 15
12 67 64 19 10 17 9 33 57 25 19 45 24
11 44 45 77 53 64 58 35 84 6 17 73
2 232 4
13 40 45 12 15 50 2 5 21 8 61 26 66 19
16 11 57 53 26 57 18 43 34 30 59 49 26 53 12 15 46
4 155 158 192 177
11 89 42 21 43 14 35 48 90 50 24 8
20 27 23 31 44 24 50 6 45 16 10 14 12 17 40 16 26 31 43 28 1
6 131 33 109 15 8 4
14 48 69 60 24 46 37 32 18 71 54 9 32 28 50
14 7 35 25 18 69 46 44 16 51 26 51 49 26 62
17 37 23 56 17 2 6 16 53 32 9 6 24 18 35 36 11 29
10 14 73 55 28 34 60 28 33 21 7
10 96 84 40 70 87 34 22 90 54 46
14 66 17 56 71 70 41 52 28 21 57 65 69 67 3
19 27 9 47 10 10 23 45 9 12 35 6 1 20 27 30 49 14 33 24
17 39 37 16 26 16 2 45 47 53 25 37 46 43 56 37 2 58
7 140 127 5 28 142 138 108
19 5 50 47 4 26 24 26 45 7 42 52 50 44 2 48 49 31 3 24
5 158 21 183 26 1
3 21 129 169
10 93 11 67 47 50 8 90 23 60 49
12 26 7 20 68 70 65 34 74 14 59 42 39
2 218 459
5 140 5 3 41 49
5 8 195 66 15 37
8 77 10 125 24 83 109 92 52
18 27 10 39 1 22 19 27 24 24 38 43 28 37 48 46 51 50 38
3 190 55 230
5 95 42 173 52 200
2 5 217
13 9 60 23 13 73 14 10 8 54 2 72 63 67
3 254 51 178
7 130 29 55 70 7 2 135
12 73 65 71 9 58 60 4 48 11 13 8 63
4 158 11 143 55
19 29 41 4 2 31 4 32 28 43 45 25 27 40 38 24 44 2 37 37
14 47 42 2 54 60 23 2 47 71 52 59 30 63 60
8 86 100 2 68 67 107 46 81
19 33 45 14 35 30 50 32 41 15 48 41 15 8 23 26 9 24 44 39
10 37 26 50 13 53 69 31 11 64 36
9 23 65 61 76 76 50 34 44 100
1 739
5 28 53 54 25 8
9 59 23 35 95 56 34 101 39 86
15 44 13 36 48 35 30 4 12 37 41 66 29 27 22 31
17 4 27 53 29 53 7 38 56 23 23 54 21 55 13 12 14 38
5 45 66 150 24 2
18 25 36 27 38 13 11 46 19 32 38 4 54 10 40 30 31 34 26
4 47 137 193 50
14 39 67 47 53 13 55 35 36 13 57 10 38 40 31
19 28 40 6 31 38 11 35 27 45 17 30 37 51 6 28 8 30 39 2
3 153 268 210
6 165 92 47 64 41 159
4 200 122 65 157
12 54 10 71 50 44 59 60 3 3 60 12 72
15 20 33 9 27 9 55 37 28 11 26 30 9 14 38 60
16 4 41 41 32 46 31 13 44 43 51 23 46 29 51 24 58
1 731
8 48 59 120 119 81 46 79 28
17 38 34 58 31 55 23 24 2 51 4 54 13 13 48 30 43 25
12 67 8 78 33 57 21 24 49 75 21 29 63
13 14 37 17 52 31 23 57 43 47 19 14 65 71
19 44 31 43 43 50 32 48 44 35 31 43 35 26 4 37 17 4 6 2
20 47 50 2 32 42 28 8 5 22 32 4 22 34 32 22 27 29 8 50 44
4 120 48 234 239
17 10 31 26 25 16 41 37 22 32 30 47 3 51 39 24 30 34
11 81 1 67 80 50 86 35 34 37 72 87
8 55 56 30 53 63 3 45 96
8 120 43 6 104 74 109 121 83
8 96 24 3 47 95 110 124 84
3 324 84 159
16 22 18 55 31 40 34 28 8 53 12 56 41 30 3 1 9
8 21 70 61 1 93 7 110 68
17 27 43 8 13 25 53 38 19 47 28 10 30 1 43 33 54 23
6 75 106 70 26 7 41
18 13 3 34 52 2 25 35 16 24 28 12 24 4 4 10 43 13 35
3 220 93 144
6 64 79 71 133 104 164
4 207 157 218 10
11 5 61 32 2 51 80 45 66 43 10 56
5 187 185 79 154 172
3 25 158 74
16 6 38 49 7 16 24 56 41 34 26 3 7 59 34 32 21
19 48 19 10 44 25 38 7 3 6 37 18 46 52 33 13 33 16 51 39
7 47 107 106 60 98 132 31
1 788
3 160 55 32
17 19 24 2 47 26 51 47 15 9 40 47 37 45 54 16 47 4
8 35 87 87 12 39 122 87 76
12 2 42 48 18 24 4 52 46 51 65 56 8
9 78 39 95 104 58 111 67 20 79
1 478
6 80 32 100 82 13 23
20 19 45 42 50 27 41 28 11 41 36 32 9 43 30 4 49 46 43 44 37
20 26 14 5 20 32 28 27 24 13 16 42 7 7 44 35 49 21 45 40 6
19 8 14 18 25 50 9 34 14 21 41 1 23 41 46 52 10 2 29 40
13 19 30 35 30 69 14 72 31 73 43 69 76 44
11 11 50 55 66 23 78 52 23 24 24 83
1 943
10 53 67 23 55 48 65 52 64 54 19
7 142 69 137 88 89 121 134
6 26 157 158 161 116 80
8 51 31 43 118 48 72 111 97
7 69 26 80 70 124 135 10
13 9 25 22 49 53 71 26 28 13 13 38 64 59
17 36 16 38 35 41 16 53 22 22 9 16 33 17 15 31 42 49
20 18 43 20 9 17 16 24 10 12 14 19 42 30 29 30 16 33 14 23 45
10 58 20 63 24 66 47 39 13 55 50
1 697
9 29 70 71 14 98 63 84 98 84
11 43 28 8 17 32 72 52 33 29 13 47
4 188 65 22 50
11 3 82 80 72 12 35 55 48 43 4 26
17 45 40 30 2 35 32 47 20 19 3 24 57 9 14 38 29 11
4 170 196 187 89
17 55 31 19 8 15 21 35 31 57 9 52 58 35 18 39 55 36
15 58 33 30 9 48 44 36 3 59 59 10 23 13 14 35
3 203 62 304
7 96 99 55 75 133 76 46
11 6 72 45 81 6 14 88 11 44 7 2
2 381 121
11 21 28 13 75 32 84 46 20 1 26 29
5 30 164 167 32 189
20 49 31 35 12 38 7 27 34 8 9 14 30 49 16 27 23 1 48 18 6
18 53 48 23 15 55 1 33 3 11 52 16 46 23 55 4 39 41 24
14 60 50 9 31 31 27 48 20 1 50 12 15 54 35
5 152 193 115 154 40
17 23 16 18 54 55 42 57 28 41 46 50 34 11 51 1 46 11
3 119 111 22
12 74 83 62 44 14 16 30 7 75 66 12 58
11 19 25 49 1 48 43 38 19 39 20 15
4 73 40 9 103
16 28 56 62 30 52 40 42 45 51 6 14 58 32 56 18 16
14 64 59 21 17 3 17 54 49 56 8 5 19 71 15
19 14 5 30 9 8 7 33 47 31 20 16 34 21 29 25 18 27 20 32
9 44 28 61 93 83 108 3 41 64
18 49 27 13 4 24 12 36 38 41 10 37 43 45 4 26 38 50 27
18 40 15 26 20 33 51 19 36 30 14 33 10 8 46 22 53 15 20
8 59 21 118 66 55 79 9 47
16 37 52 1 62 62 54 34 26 11 34 60 1 57 37 29 54
4 163 31 120 83
8 30 80 87 95 111 41 81 33
13 6 35 30 74 28 33 55 39 29 54 37 30 72
19 48 15 22 31 19 41 19 3 52 36 18 28 12 19 13 39 8 47 2
5 120 145 25 34 96
10 43 44 23 87 14 2 93 80 96 84
4 222 40 55 27
19 51 9 18 39 23 25 33 24 9 24 25 25 49 40 50 16 31 44 38
8 125 19 112 120 77 1 92 116
17 21 53 15 13 38 26 28 44 8 13 46 6 25 18 14 56 38
17 38 29 48 2 14 14 32 57 28 14 9 52 29 21 38 43 34
3 328 265 116
8 34 32 83 9 60 86 84 37
15 1 62 20 16 39 15 33 23 17 51 43 34 55 42 19
15 19 37 11 11 32 18 33 64 8 34 23 49 51 66 63
1 71
11 46 37 53 4 46 21 6 80 24 82 7
10 59 37 8 35 25 61 62 74 70 21
7 83 11 117 142 128 29 38
10 44 78 42 38 93 65 15 53 10 99
9 14 105 106 84 81 54 46 95 47
17 16 56 45 4 16 4 51 1 5 34 52 1 10 21 33 12 30
11 25 34 52 74 60 11 3 84 4 30 59
13 76 60 70 41 43 19 60 14 17 69 37 3 11
6 59 65 55 58 16 128
9 77 80 75 48 64 27 13 34 73
16 62 48 3 48 59 16 29 60 40 3 36 12 17 34 49 30
8 72 53 90 23 98 40 57 41
14 71 43 21 31 43 24 18 63 71 37 45 71 22 60
3 313 96 22
10 100 20 98 72 74 14 96 46 53 27
8 59 102 104 52 73 125 123 78
20 9 44 37 24 31 31 46 25 8 11 7 8 32 4 31 6 19 26 3 22
14 41 29 63 14 18 11 60 61 47 26 32 8 37 2
6 101 129 120 137 33 134
6 82 133 126 145 10 103
10 63 38 54 44 70 99 78 1 22 9
19 32 26 6 31 30 31 49 48 43 21 28 10 34 38 27 47 50 26 51
7 70 13 86 75 140 76 26
15 53 16 65 39 47 47 25 8 13 17 62 9 52 17 37
15 30 33 64 58 64 52 64 49 28 48 63 28 39 32 10
10 15 64 48 99 34 88 92 55 80 5
5 141 106 93 48 47
11 67 24 42 70 70 36 68 67 20 41 25
11 30 14 57 75 43 37 11 60 39 55 50
15 39 24 34 12 33 37 14 39 28 14 31 17 59 48 51
15 26 58 39 13 21 24 1 46 30 41 21 66 11 26 61
14 15 36 61 55 26 48 26 62 7 22 34 53 49 41
6 43 162 60 127 130 91
13 23 55 62 68 48 60 65 64 17 44 12 25 12
9 1 89 66 99 58 45 11 94 107
19 13 3 17 21 6 47 41 45 5 26 48 29 18 28 48 22 36 27 11
19 28 21 6 45 39 1 6 33 3 1 51 15 3 15 11 37 38 51 5
10 9 32 10 10 91 66 35 78 52 81
16 7 23 13 16 22 3 21 50 29 2 52 31 16 27 15 20
14 30 59 21 47 49 62 33 29 2 34 70 14 47 26
12 53 83 47 17 15 9 64 52 51 32 25 59
2 397 267
15 64 1 25 5 39 29 31 18 26 52 51 27 31 37 50
4 247 12 77 62
2 364 434
2 473 136
1 826
12 13 33 19 76 72 14 34 39 38 72 72 66
19 49 40 29 6 47 2 13 11 33 38 51 6 27 31 21 3 37 9 6
16 56 46 22 21 45 27 29 40 59 6 30 57 39 39 26 52
6 104 104 112 77 82 54
20 1 10 12 25 40 1 12 7 27 50 26 23 48 36 20 46 38 18 12 18
20 5 35 5 36 13 6 44 14 19 15 16 29 29 42 20 31 4 27 7 3
2 430 452
7 13 9 112 46 4 8 35
4 28 49 49 90
17 32 34 21 39 5 13 9 11 3 51 22 19 56 54 36 1 15
20 7 21 14 25 30 9 19 45 36 20 45 28 26 40 35 50 50 5 5 40
9 27 52 104 110 48 59 35 84 28
9 65 103 32 58 39 107 48 40 87
16 4 23 27 42 37 6 55 35 56 49 8 62 39 23 22 44
14 3 42 67 47 33 41 7 68 55 43 38 71 15 40
7 120 135 62 16 44 79 124
18 22 21 5 48 38 11 6 26 50 32 33 15 9 21 14 55 5 31
7 137 142 13 105 119 5 127
16 37 41 21 34 21 22 26 37 43 40 34 55 51 19 26 28
19 34 18 21 51 44 31 47 43 22 29 37 22 23 48 10 31 35 15 33
16 57 27 54 34 58 44 22 14 5 48 35 18 41 57 30 27
11 4 53 60 19 16 88 87 17 79 90 55
6 114 74 48 5 3 143
18 54 3 2 26 32 54 28 51 18 53 10 18 38 23 35 16 55 27
20 36 17 1 11 12 10 14 45 46 29 34 26 44 36 7 44 49 42 14 46
19 17 8 48 13 46 25 18 15 11 29 42 16 25 30 5 14 50 30 10
20 35 21 43 22 27 39 22 20 2 17 8 14 32 45 6 1 36 3 7 12
19 35 1 35 40 34 49 37 11 6 36 1 48 31 4 38 41 15 11 26
1 46
15 11 28 54 43 17 19 10 39 53 22 25 22 15 6 62
12 2 25 49 39 11 12 46 26 37 55 53 34
14 3 47 68 11 47 29 42 12 59 3 35 31 30 15
19 28 36 22 3 28 44 31 43 21 37 43 9 30 29 27 43 8 42 6
19 21 29 24 50 30 25 8 41 34 32 51 37 44 48 40 47 16 18 38
20 18 6 36 5 37 12 49 6 22 42 6 48 31 11 24 18 15 25 10 9
4 171 205 135 144
18 41 15 9 46 4 37 53 30 33 24 53 32 32 19 38 39 17 13
20 7 12 16 31 22 26 34 44 31 21 37 10 36 34 9 18 47 25 5 48
7 111 125 12 38 92 49 58
19 45 35 19 51 3 35 32 48 43 43 52 33 23 2 28 44 22 13 37
2 483 24
20 15 36 40 28 34 24 32 12 4 34 49 44 4 15 7 48 19 13 25 41
18 42 22 43 17 35 49 3 30 28 33 29 5 14 39 13 39 55 42
17 41 7 35 11 5 39 58 40 16 6 44 27 12 40 13 40 15
4 2 39 166 249
10 87 87 30 90 52 69 58 68 45 74
10 25 56 1 4 7 34 58 51 24 23
6 10 88 78 147 75 73
8 95 82 60 108 111 26 109 31
13 8 67 50 25 28 13 73 7 32 18 76 14 45
6 101 125 128 12 105 36
10 71 75 83 5 59 93 80 95 75 12
18 7 49 27 33 39 37 9 38 1 45 9 34 27 5 44 13 33 31
13 70 75 31 5 55 33 33 74 47 28 37 8 29
17 30 41 40 44 55 55 9 19 22 49 21 16 1 13 14 26 7
18 51 1 9 18 53 39 8 30 27 52 25 50 20 33 50 14 22 46
11 86 90 86 71 48 45 45 59 79 18 1
16 30 52 33 46 59 34 27 32 59 23 37 51 54 33 30 41
16 11 41 30 44 26 54 26 23 4 34 59 60 4 22 27 53
8 29 23 59 28 107 26 13 91
18 2 41 9 31 53 20 9 8 47 3 25 34 17 5 4 4 46 45
1 2
20 38 5 35 49 34 41 49 48 33 6 31 38 16 27 43 10 37 12 44 34
17 22 18 19 54 51 16 43 52 49 52 57 53 38 41 10 4 2
20 49 47 50 38 13 28 30 24 14 42 19 48 20 11 5 22 18 25 3 46
18 15 55 4 41 34 51 14 44 25 30 12 39 35 20 3 19 51 33
18 4 12 7 13 14 16 1 43 22 13 33 15 14 32 5 41 52 55
10 51 47 44 74 95 10 83 59 4 26
16 59 45 20 37 30 50 33 23 61 47 11 3 17 22 22 55
20 38 10 49 40 6 44 14 2 4 48 12 9 23 9 21 34 13 39 47 36
9 25 21 6 66 18 30 71 73 86
2 242 241
10 81 96 53 46 49 58 46 60 66 70
19 18 31 37 38 5 30 38 38 34 33 18 41 6 16 8 29 41 17 38
10 78 65 15 75 14 72 20 73 90 90
3 162 69 313
5 145 93 50 134 106
2 131 410
7 11 58 58 49 142 5 113
11 17 35 16 62 68 7 45 69 48 27 58
2 244 242
6 6 9 157 107 25 59
3 10 323 171
10 70 81 82 50 72 71 96 89 24 13
17 52 6 29 7 7 22 44 52 39 9 20 17 31 24 25 49 35
14 3 65 66 10 38 5 64 45 19 6 41 55 66 8
18 46 23 28 53 4 13 55 15 11 39 33 44 29 36 35 22 40 13
3 245 89 34
15 2 64 20 46 10 26 28 6 49 4 31 56 51 66 20
18 54 15 28 42 43 8 9 51 47 21 8 29 29 15 43 50 54 41
10 37 32 32 48 88 35 49 7 34 44
13 19 21 43 56 31 4 75 29 37 74 62 36 26
15 18 30 45 3 46 61 63 21 36 61 43 14 23 51 43
2 479 386
10 37 25 4 96 52 17 100 97 46 43
10 93 62 37 91 84 55 3 43 3 46
13 39 32 63 6 34 28 40 55 13 41 72 28 44
15 54 6 47 22 62 44 62 4 4 12 13 10 23 17 35
16 23 53 47 5 4 17 2 40 35 62 30 12 42 15 48 39
10 98 26 76 29 31 35 49 27 25 22
17 38 52 6 44 17 57 41 36 27 42 29 51 42 50 29 21 27
10 85 30 88 63 57 16 45 91 64 71
8 36 74 79 60 125 55 28 98
10 79 35 44 25 35 11 99 29 31 99
19 23 52 10 33 49 21 50 27 33 32 38 42 7 14 36 21 24 7 45
13 61 35 32 37 13 54 31 18 28 57 24 3 61
1 715
13 69 28 11 57 36 69 46 38 74 46 30 53 40
10 18 80 28 93 48 44 83 67 37 2
3 161 287 244
12 36 75 43 78 31 76 50 21 64 40 17 59
7 58 39 102 123 112 119 43
13 43 31 55 11 5 6 19 72 76 38 66 7 50
16 38 3 50 37 9 20 9 22 8 12 50 48 18 57 52 21
15 8 43 30 55 37 23 43 39 66 52 54 8 62 3 59
18 5 48 42 16 51 12 16 32 36 1 50 3 6 48 9 22 55 36
7 110 27 45 114 51 91 23
14 5 19 36 62 24 41 6 26 39 65 4 47 33 30
11 8 66 83 51 4 77 84 51 10 14 77
5 120 53 130 194 40
11 26 42 8 80 49 78 22 12 2 38 12
2 268 129
17 52 22 45 18 29 23 14 8 55 28 34 34 1 47 3 21 42
15 20 49 25 23 40 29 5 33 64 22 46 9 57 27 16
5 175 136 87 194 5
17 19 46 2 12 26 55 32 1 29 38 28 45 18 29 35 26 26
7 76 93 17 82 80 44 2
6 149 142 45 45 156 139
15 32 46 36 58 8 45 8 53 34 48 54 62 51 58 57
13 71 28 19 36 43 56 1 12 40 4 18 56 7
16 42 30 8 6 37 53 26 36 49 21 32 30 8 44 57 25
10 1 64 100 36 2 87 40 45 6 95
10 61 30 37 3 15 20 10 2 22 57
5 156 153 16 110 32
5 164 40 54 165 103
5 52 104 143 192 100
8 11 16 61 92 78 90 84 72
4 237 219 230 121
6 16 149 5 163 43 55
7 119 127 15 61 120 75 86
9 55 52 8 80 27 1 30 63 106
2 236 432
12 15 36 11 33 21 18 30 66 72 14 79 17
7 140 44 141 43 60 27 25
12 19 68 33 39 16 15 53 39 35 65 53 73
10 8 96 85 28 26 99 54 45 30 40
8 77 68 12 110 61 77 38 60
1 204
14 36 10 11 55 44 38 44 43 54 46 11 11 47 50
2 332 482
11 22 31 20 66 2 16 86 4 3 22 6
17 29 24 22 18 27 28 52 36 27 6 5 13 27 56 14 56 37
4 187 154 184 76
9 20 5 50 66 44 2 81 49 50
20 18 1 8 15 18 27 29 29 48 3 24 47 15 49 29 8 37 35 41 14
5 28 116 151 20 31
19 40 33 36 19 45 42 28 31 11 17 18 9 36 24 16 8 48 29 4
15 31 8 54 45 5 5 30 55 43 26 61 56 57 40 16
17 3 31 47 41 35 54 36 22 6 5 39 23 5 57 6 40 16
15 54 26 63 17 14 37 41 9 24 31 46 39 41 41 40
1 15
20 23 18 4 18 19 8 10 13 12 7 42 48 3 17 23 24 6 41 44 36
7 30 42 100 32 52 124 111
20 39 11 32 8 16 1 26 25 11 41 37 19 32 36 22 1 10 47 6 50
20 43 6 7 18 50 43 17 23 33 26 11 45 10 19 12 10 46 37 22 36
5 141 120 10 112 172
1 958
9 86 43 63 27 84 80 4 18 98
2 232 481
4 27 40 182 190
2 430 276
3 237 94 130
6 25 82 119 154 121 145
16 52 39 33 7 54 8 34 29 15 49 8 26 61 43 48 61
16 53 52 51 7 6 49 29 30 57 9 15 17 6 40 4 42
9 8 29 87 88 27 95 108 49 84
20 4 18 38 31 8 2 29 17 17 44 11 44 34 11 5 8 48 22 14 46
2 209 439
13 8 48 4 19 57 75 42 48 48 42 2 62 17
11 40 13 64 30 78 79 22 4 56 52 36
1 527
17 34 25 46 53 30 39 5 30 3 52 21 19 45 51 56 39 21
9 93 43 41 46 20 48 49 102 15
7 46 46 102 139 92 95 75
16 59 11 11 10 22 26 4 17 52 5 61 28 41 48 59 44
14 25 58 28 71 25 53 5 70 43 1 51 66 35 22
19 49 30 6 17 27 43 13 12 47 29 15 11 4 27 32 33 46 40 2
2 73 441
2 369 339
9 48 95 108 57 1 61 43 108 35
12 35 19 4 55 26 51 30 78 16 74 15 54
11 31 11 45 53 35 83 71 83 84 39 47
11 68 74 78 62 13 40 58 42 21 25 52
12 63 75 14 53 9 68 55 21 3 73 76 7
16 60 50 17 46 43 38 19 22 33 26 53 32 4 26 50 6
17 16 34 45 13 25 45 16 38 47 18 25 57 27 45 16 19 39
8 49 22 88 101 20 65 5 71
1 474
20 36 12 35 32 23 39 42 9 3 2 45 36 14 41 24 4 47 38 35 6
16 50 61 8 12 12 27 6 28 8 47 50 6 29 17 24 3
14 16 32 16 52 50 48 68 30 68 39 28 54 6 3
10 46 4 71 79 98 70 73 66 48 2
7 22 138 66 7 137 81 109
16 60 43 26 19 26 41 13 36 51 17 22 50 18 15 58 31
1 200
17 46 15 36 22 23 27 49 21 17 39 17 22 34 45 57 24 32
2 356 274
20 27 33 49 40 48 28 34 10 29 50 39 28 21 16 34 3 44 2 6 36
14 59 3 42 6 48 9 59 69 49 28 39 44 69 44
11 49 69 50 38 10 60 75 1 25 40 55
10 23 30 75 56 13 79 26 72 68 100
12 22 10 67 67 66 49 66 26 29 80 31 82
14 31 70 2 15 20 14 65 4 52 17 58 38 33 10
5 138 34 148 154 32
2 496 412
17 6 45 19 14 16 15 25 25 30 13 11 35 41 23 33 58 44
12 1 53 57 15 81 25 27 44 5 24 80 50
12 12 38 64 29 57 56 41 65 22 41 63 23
10 98 30 45 90 21 2 51 46 76 1
17 15 50 13 19 25 39 22 54 42 35 39 11 55 40 54 53 45
2 332 154
11 81 18 70 13 42 52 1 69 12 27 17
10 38 81 8 94 7 15 29 83 79 70
1 804
5 150 28 78 133 181
9 77 88 30 27 18 97 15 110 43
7 78 118 106 84 81 105 66
18 5 52 46 11 44 37 13 13 14 20 21 27 10 31 12 5 8 3
13 47 30 7 45 3 15 36 44 1 68 40 26 72
14 1 37 19 47 12 20 2 57 67 32 30 53 59 26
3 294 206 292
18 41 35 50 28 33 5 53 42 47 42 43 30 9 41 43 12 51 14
16 45 47 27 31 7 42 56 24 26 49 46 26 9 49 59 22
12 19 38 62 26 30 22 47 73 70 70 10 75
9 23 45 10 91 92 6 14 18 81
15 9 19 48 17 5 24 50 10 58 28 24 5 65 58 48
20 29 19 16 18 19 27 16 6 1 36 4 7 23 4 3 19 32 34 9 46
2 281 412
13 46 73 57 6 23 18 69 63 14 45 69 7 3
12 3 57 63 14 65 75 50 3 20 65 25 65
2 47 62
5 19 199 81 35 172
19 9 21 42 18 41 6 4 27 9 48 32 35 30 37 35 12 20 22 42
9 6 18 99 91 66 51 30 101 64
11 50 66 37 5 73 33 86 39 46 6 62
17 4 25 25 46 13 30 36 32 47 33 54 47 49 16 52 54 6
7 9 141 48 43 7 122 92
14 55 39 12 44 70 57 39 26 61 39 19 6 69 8
7 62 111 35 121 18 111 20
12 61 53 5 34 34 66 57 41 51 78 43 27
8 25 55 20 17 30 113 15 102
3 110 132 177
4 37 146 154 203
9 105 29 62 33 87 36 49 20 2
2 292 61
1 168
6 45 161 73 8 78 137
2 377 231
15 40 66 26 44 4 51 65 26 41 25 14 49 9 53 42
12 70 28 31 74 71 75 68 63 82 65 36 63
4 111 123 127 230
14 9 2 62 33 21 7 55 22 49 4 24 53 58 47
5 128 186 22 43 134
13 70 21 31 50 68 19 8 27 24 57 58 54 3
12 40 71 36 74 7 62 82 11 33 72 45 34
13 38 52 58 11 61 3 41 34 10 75 57 36 22
18 5 17 26 18 13 45 2 16 52 16 13 17 53 15 49 54 42 51
4 104 197 245 224
17 54 2 57 41 49 56 42 42 56 23 13 12 36 5 30 27 32
20 17 35 36 16 35 2 38 29 7 34 23 33 42 2 34 4 16 46 45 37
8 69 20 99 10 59 86 58 28
4 79 71 8 114
16 3 41 1 19 52 54 45 44 23 52 33 16 26 32 40 28
15 47 29 48 37 60 42 3 20 27 35 57 62 13 42 58
17 9 38 48 46 8 15 1 14 35 44 37 33 58 52 57 38 24
11 65 22 56 1 47 34 5 5 11 87 17
15 16 49 52 57 48 14 26 62 27 18 44 25 42 33 48
15 66 36 59 2 13 66 8 11 31 47 64 57 31 24 9
10 26 93 79 85 66 6 71 68 53 84
8 9 24 117 93 106 41 11 108
6 26 132 83 4 114 116
20 49 7 5 30 32 47 10 18 12 17 38 31 20 21 50 28 46 16 22 27
2 134 309
19 15 6 45 6 48 48 29 36 46 27 33 1 41 13 1 20 1 18 38
14 44 67 50 55 38 28 10 50 17 29 23 24 11 13
14 47 56 10 50 71 7 63 24 10 27 32 38 6 16
11 32 6 43 65 33 43 32 7 16 33 78
18 4 13 29 30 12 46 44 41 16 48 32 9 53 35 23 52 21 43
17 27 55 43 43 2 50 44 38 35 32 15 8 21 44 43 37 10
6 79 72 29 149 127 108
3 263 325 227
10 78 57 54 95 77 74 12 54 35 17
5 21 49 136 187 78
1 267
12 42 47 10 70 32 53 15 12 7 75 39 16
9 87 41 70 93 1 3 61 55 86
7 123 79 131 133 76 19 27
11 42 27 75 23 77 29 2 72 44 33 56
5 92 87 142 126 164
11 32 66 15 63 33 19 5 27 1 25 13
9 94 58 84 56 2 45 7 98 27
15 10 52 44 1 24 9 29 59 11 36 47 36 32 59 54
3 161 233 83
3 134 228 321
16 38 37 13 56 30 41 24 26 34 11 28 42 41 12 12 28
1 30
19 5 42 14 23 32 46 27 34 11 35 15 42 47 26 12 20 5 18 43
12 44 26 40 15 62 56 33 82 44 31 64 25
17 53 32 2 54 18 30 44 22 52 31 16 11 34 45 48 37 6
1 342
11 6 41 80 81 4 49 58 79 55 83 77
9 41 15 61 69 14 49 8 15 4
16 19 34 50 50 15 13 25 24 51 30 38 21 18 8 5 25
14 37 71 62 51 37 39 46 66 66 3 37 46 12 21
14 29 34 14 19 66 9 69 43 66 47 52 22 56 7
7 75 4 38 136 125 3 33
16 61 58 48 42 25 17 50 10 19 43 43 31 49 38 6 42
5 190 178 161 172 197
7 132 96 132 126 78 135 118
15 21 5 12 58 11 40 43 66 28 27 47 54 44 36 63
7 120 101 82 4 16 32 99
5 179 82 158 158 170
11 14 68 1 36 59 87 21 69 51 11 6
15 34 61 32 31 45 40 5 16 45 58 28 1 20 14 37
12 61 21 14 32 32 69 8 6 73 75 83 19
9 45 95 5 46 10 47 103 82 64
11 58 47 38 27 41 22 87 34 17 8 17
5 167 13 31 109 48
1 987
14 8 67 39 41 69 51 25 22 9 58 69 49 55 30
17 6 37 57 53 13 13 23 17 33 58 43 53 41 17 7 20 21
20 34 13 10 4 8 49 5 2 49 8 15 18 44 18 38 39 44 6 31 39
10 43 48 95 64 54 99 70 85 24 82
19 24 37 14 1 50 9 30 10 42 17 25 31 38 50 43 20 5 45 16
14 2 28 59 1 28 21 35 71 4 20 63 49 24 5
5 47 28 114 188 165
18 33 19 40 17 35 49 16 34 6 31 1 52 31 31 21 41 43 26
9 77 35 39 56 38 47 108 97 69
5 166 96 112 64 107
20 35 45 10 9 2 28 31 23 3 14 15 38 28 10 6 2 33 46 34 5
10 59 54 67 76 19 14 39 83 20 99
19 20 26 1 45 15 16 29 1 25 31 42 52 43 3 33 37 4 18 2
17 15 49 36 30 44 55 6 18 53 54 8 40 50 57 29 38 22
5 97 46 160 74 197
18 39 46 53 31 21 3 50 54 24 15 19 3 3 25 41 8 37 39
4 58 229 208 15
10 64 63 95 23 89 43 52 97 96 30
4 86 112 50 126
17 13 37 7 23 57 46 10 15 27 45 14 13 42 51 13 26 25
11 48 29 34 10 67 19 49 23 64 22 4
9 102 51 50 26 16 105 93 42 77
3 131 292 307
14 28 30 21 16 44 17 55 22 46 47 8 11 57 18
7 134 12 133 18 138 70 96
16 24 52 7 14 36 54 52 35 22 37 44 7 36 46 17 18
19 47 12 40 25 41 22 26 26 7 18 51 32 41 42 29 50 21 20 21
6 101 34 47 61 123 132
2 302 78
5 172 48 76 7 84
20 18 49 31 28 20 21 39 49 19 15 16 37 12 31 2 49 24 18 9 24
17 5 29 30 39 16 37 47 48 8 18 23 15 19 15 44 25 19
8 2 6 51 90 117 6 68 65
1 386
6 82 152 60 52 66 166
7 114 136 80 98 24 92 58
16 16 47 24 27 39 35 44 10 55 16 39 53 13 55 14 10
6 31 27 111 16 26 93
16 20 16 33 49 17 22 42 33 4 1 59 42 33 38 49 26
11 87 90 71 89 75 46 4 45 32 80 17
14 57 68 24 45 54 18 54 57 31 43 59 23 44 8
1 955
10 4 17 97 5 18 85 49 85 11 5
7 32 105 20 120 30 114 22
9 108 95 51 40 30 40 44 7 111
20 37 39 45 4 37 49 23 24 49 7 36 4 43 37 46 34 26 30 27 24
8 66 87 67 63 32 31 43 89
20 9 1 20 4 6 9 2 28 32 1 34 19 6 29 7 1 12 33 30 39
6 54 100 15 14 62 56
8 11 41 14 19 118 60 24 23
18 51 10 41 48 40 4 48 8 6 15 37 50 47 32 5 11 17 30
3 331 326 39
19 18 28 22 3 13 23 31 19 2 26 29 41 12 28 31 1 17 28 21
6 120 41 2 57 158 42
3 10 6 325
7 135 135 88 29 115 61 57
9 56 93 96 58 57 69 54 80 93
14 18 38 5 17 40 45 51 52 47 31 50 9 17 2
6 65 51 151 63 41 67
17 23 6 57 56 12 57 9 4 35 8 9 25 57 51 52 25 21
10 34 30 74 85 97 91 95 59 71 32
10 92 48 90 29 72 27 39 62 69 92
6 4 137 131 48 83 98
8 108 59 46 12 109 82 111 25
12 31 52 33 82 64 52 71 24 9 79 8 76
7 104 12 10 70 28 85 77
1 85
15 35 11 3 37 64 29 31 29 39 51 59 1 43 26 21
1 584
16 51 35 34 48 34 8 48 15 52 54 33 2 38 50 21 22
20 20 14 10 34 19 4 32 3 38 11 9 38 46 14 46 44 38 4 26 7
17 18 2 52 11 40 23 6 30 1 53 9 26 4 10 50 21 15
6 47 133 41 40 70 48
10 19 37 23 96 95 11 36 69 54 22
14 22 55 20 47 36 16 6 10 64 58 39 37 38 46
10 45 72 35 94 93 5 83 67 1 77
17 2 53 12 17 14 19 45 54 35 51 36 2 10 27 18 39 24
6 25 133 44 44 29 28
20 36 18 38 36 44 16 25 41 49 35 30 43 39 46 41 17 37 46 12 42
14 42 22 36 62 52 2 9 23 55 12 47 15 19 6
6 8 8 134 128 94 70
9 78 33 80 63 14 62 8 34 33
3 183 164 1
4 88 149 169 191
12 63 82 31 43 15 38 51 68 3 64 57 29
12 14 75 25 62 21 59 75 78 76 25 25 23
12 67 24 10 73 77 72 74 24 31 8 61 1
15 29 42 5 18 29 8 52 45 57 51 20 37 64 61 26
16 54 29 55 36 11 19 16 12 4 26 30 20 38 15 58 16
2 257 106
16 32 31 53 52 39 20 54 18 11 33 37 2 62 30 35 8
18 21 25 18 29 33 55 42 31 44 27 3 5 49 55 39 23 31 28
18 14 45 43 2 29 42 23 3 22 53 2 35 5 26 52 34 3 38
17 40 9 45 20 56 28 16 21 39 57 44 23 20 53 12 35 53
15 5 65 16 12 53 28 58 34 22 12 23 25 19 19 49
11 12 14 51 55 32 47 86 68 31 1 84
14 17 19 14 68 60 45 8 22 3 42 4 17 70 10
20 50 19 36 1 31 50 33 15 23 9 22 50 32 13 16 27 10 31 25 9
13 54 58 30 18 4 32 30 37 14 69 67 43 43
19 35 38 7 11 48 5 21 30 18 15 39 1 28 21 19 2 38 37 51
3 2 78 22
3 185 89 233
5 33 62 75 183 115
17 40 14 11 50 45 25 44 31 33 41 32 29 56 7 51 49 39
3 132 275 89
2 372 4
18 27 7 19 4 18 52 15 45 36 39 30 52 18 51 3 35 11 20
2 343 202
20 37 6 15 46 2 19 17 8 46 23 24 50 14 9 13 5 33 23 34 27
11 31 14 83 21 66 8 64 8 1 73 66
8 117 76 124 35 95 58 33 94
14 32 56 35 12 32 1 42 26 28 47 10 32 38 66
5 193 132 183 85 86
10 32 55 93 82 91 62 40 73 5 73
8 16 14 81 79 64 1 77 92
18 53 31 23 34 36 32 32 55 23 53 54 54 24 1 51 34 9 40
14 32 23 38 70 37 60 28 11 12 11 12 11 34 45
7 123 17 142 60 16 142 84
12 69 19 29 18 77 64 23 30 25 81 45 50
14 17 14 26 29 24 37 70 58 41 35 38 57 34 57
3 43 236 27
6 26 119 14 106 16 122
6 44 36 13 10 155 6
20 11 43 32 23 14 42 31 33 19 30 10 44 3 32 29 21 29 44 41 4
7 84 43 31 111 114 37 85
10 68 72 72 60 55 94 25 97 74 58
17 48 47 42 24 56 4 54 36 58 36 27 48 21 17 20 24 26
19 18 49 6 29 52 50 51 21 42 51 47 3 39 14 21 5 9 4 20
2 77 315
13 61 25 75 7 74 40 26 72 45 42 58 5 13
19 12 14 52 10 36 31 25 25 27 29 33 31 48 22 11 11 22 52 15
20 2 30 24 38 2 46 17 13 31 14 21 34 21 2 47 18 14 43 6 25
17 36 33 9 25 41 9 6 40 3 7 46 44 44 17 41 38 41
3 108 223 32
17 18 47 41 57 28 6 10 16 18 45 40 26 11 23 26 8 54
8 98 65 80 78 29 10 6 110
5 164 103 169 32 17
7 93 11 57 68 113 6 139
11 70 9 62 6 88 13 25 38 37 60 17
5 20 8 95 79 112
11 22 73 72 80 21 78 30 31 53 18 87
6 9 16 148 150 61 17
4 147 138 231 188
14 34 18 29 31 70 43 13 37 22 58 29 20 12 32
10 29 59 68 14 19 5 67 100 27 39
4 226 227 126 163
12 17 69 53 29 11 15 36 74 11 11 57 29
16 15 37 60 39 46 35 6 9 55 21 7 54 50 8 32 61
5 183 90 76 40 106
7 115 134 53 112 84 78 89
5 186 177 9 14 158
9 107 32 76 36 90 46 66 52 109
8 108 4 32 109 20 89 122 95
9 81 9 93 5 36 6 93 103 45
4 50 119 66 146
2 375 310
2 276 63
13 27 1 19 43 70 55 13 25 16 17 75 46 71
19 18 25 13 42 7 20 27 41 3 48 15 26 49 24 1 4 1 47 28
19 9 41 13 29 45 24 18 43 5 44 18 50 44 30 39 50 25 14 38
15 45 30 16 54 52 20 51 6 28 20 6 39 2 2 31
8 25 46 54 13 102 78 105 75
9 51 19 77 36 47 84 36 68 62
9 99 111 5 93 13 64 95 1 44
9 41 64 44 69 6 31 103 74 36
4 43 58 160 55
2 414 326
13 70 52 61 28 9 53 42 44 72 12 25 14 52
17 52 13 40 43 8 49 4 45 30 54 14 44 47 50 7 36 24
20 17 25 4 1 23 11 39 35 44 27 44 10 13 49 2 44 30 13 47 15
12 37 42 50 41 42 15 55 23 1 66 4 69
20 4 40 20 42 24 16 20 20 25 33 18 26 28 47 39 26 13 10 50 5
18 37 35 33 10 20 34 22 47 49 46 10 55 41 11 41 11 38 45
20 15 7 27 44 6 15 20 18 26 21 24 26 32 6 23 9 22 11 40 38
6 146 160 114 162 132 100
7 10 33 142 12 4 139 110
15 19 21 58 33 37 2 16 54 31 64 4 46 2 39 41
19 13 8 26 42 30 44 9 39 38 6 35 11 20 20 21 15 20 25 29
10 68 44 75 4 29 71 9 74 55 3
4 21 5 53 177
16 46 33 60 50 60 2 30 34 27 37 20 18 53 38 51 20
19 30 23 11 4 11 32 2 45 27 13 11 23 41 30 35 25 40 36 42
11 89 55 88 83 24 33 57 29 76 40 47
7 78 117 78 46 124 129 133
10 59 93 49 83 63 3 11 82 34 33
4 242 187 103 117
13 12 5 37 41 3 28 59 6 56 60 28 64 50
2 129 189
6 149 51 86 117 148 163
16 20 49 38 48 25 54 18 52 22 25 54 26 46 48 2 55
1 517
2 151 150
11 61 75 41 63 65 62 38 15 79 45 1
20 23 20 25 50 33 47 2 9 10 31 12 45 34 33 11 15 35 10 27 25
7 80 3 1 139 71 105 127
13 50 47 35 41 59 53 67 41 30 61 11 55 21
9 26 4 72 54 51 61 65 90 32
6 45 81 88 33 66 102
6 131 130 32 69 49 148
3 170 50 79
1 880
4 40 125 250 61
14 4 34 58 10 57 43 58 39 64 26 24 30 3 65
19 7 15 49 7 42 16 36 13 24 19 8 33 31 3 9 44 52 4 26
15 65 64 2 58 48 36 9 49 17 57 5 62 36 4 24
15 39 9 23 28 11 32 61 41 22 25 12 61 26 41 33
16 21 2 2 8 14 50 56 58 22 34 17 11 45 30 33 23
2 273 187
16 42 55 32 35 41 8 39 45 50 25 8 8 25 7 13 38
14 13 65 2 33 22 52 9 40 50 62 24 29 36 65
3 192 318 265
17 23 28 3 24 46 33 12 38 27 52 43 27 36 40 20 25 15
13 48 57 65 48 49 38 74 17 40 40 76 18 73
10 87 17 95 63 45 100 96 74 70 13
16 33 2 43 55 36 31 32 20 10 50 23 59 9 27 36 27
20 15 29 21 4 45 17 16 40 17 11 15 38 23 20 32 26 40 34 5 30
7 9 93 10 11 81 77 45
20 37 28 37 15 48 40 11 14 5 50 32 15 14 21 40 35 2 17 26 37
12 27 8 9 60 56 58 7 28 75 59 82 33
4 105 190 143 18
3 50 267 326
16 25 17 57 23 61 59 49 21 20 6 54 21 25 19 18 43
13 43 41 38 49 60 60 62 55 57 37 57 42 67
4 198 35 120 168
13 71 10 40 44 11 41 9 76 71 4 8 40 63
12 25 7 73 30 57 37 67 14 68 67 24 9
17 41 41 14 26 21 40 25 37 26 19 51 19 32 52 19 11 6
18 18 11 22 27 12 51 48 40 1 12 11 31 15 13 35 21 23 36
12 37 13 62 74 16 61 50 60 44 4 33 42
2 27 430
15 19 9 37 3 20 35 55 26 50 45 59 2 11 6 3
18 26 44 21 15 54 43 20 7 12 6 3 53 2 49 40 9 35 32
2 27 422
20 40 29 23 40 28 33 47 30 50 19 9 38 38 44 40 10 41 24 5 40
16 3 8 19 14 12 18 2 58 26 51 62 62 61 57 30 9
12 62 81 65 44 5 67 62 69 50 81 31 52
18 9 48 47 40 2 52 35 39 24 38 50 7 54 24 26 2 11 19
8 3 44 48 84 5 84 107 50
12 70 18 16 30 23 49 51 63 21 11 78 57
18 4 47 28 14 4 30 25 23 14 37 33 3 48 34 7 11 3 55
4 93 76 101 248
4 127 149 146 114
13 55 67 19 14 29 64 28 40 6 43 18 45 59
6 151 53 151 165 63 77
10 55 8 22 53 4 50 53 49 63 26
12 72 9 26 12 52 49 57 57 19 61 69 33
16 27 48 2 59 42 2 10 39 32 48 35 59 5 49 15 22
16 22 6 9 29 9 26 52 60 20 44 32 36 31 31 62 15
12 77 64 77 51 60 70 60 35 69 15 21 5
12 42 23 4 75 73 9 82 6 70 59 43 25
18 3 9 28 42 17 41 32 20 1 5 54 21 27 7 34 26 12 52
13 26 65 7 23 4 46 6 68 38 48 19 39 69
12 47 7 24 6 13 19 22 82 83 11 19 49
4 171 118 182 205
1 2
12 4 15 46 78 34 18 30 1 15 11 26 62
11 39 33 31 63 66 55 59 36 80 74 19
10 3 90 7 63 44 78 38 57 38 62
5 176 9 192 73 85
3 330 255 127
4 217 215 100 22
3 315 280 325
16 27 31 37 59 41 50 32 6 46 27 61 7 23 48 20 53
10 58 36 36 50 39 54 66 40 27 80
7 34 80 84 138 70 66 136
16 26 37 56 9 1 52 13 21 37 33 11 24 46 20 53 2
1 691
5 100 69 85 86 98
2 331 383
3 279 110 25
6 146 5 50 81 3 93
1 745
3 76 8 265
9 36 81 94 43 1 26 28 93 11
15 23 43 32 53 15 37 66 26 55 29 27 59 21 61 49
5 59 88 151 51 77
18 8 47 34 40 47 54 21 40 9 30 38 38 3 50 6 14 20 16
13 2 7 21 39 32 37 69 7 76 59 59 65 40
8 42 50 46 3 118 10 108 19
4 240 247 18 132
17 13 49 53 27 5 27 31 40 5 1 19 58 46 21 24 43 30
10 73 88 22 42 49 79 86 93 70 34
2 1 350
11 47 60 45 34 42 19 83 70 49 87 30
12 29 31 46 74 78 40 63 17 39 64 18 15
13 38 42 46 63 7 60 37 48 20 60 49 40 27
11 9 41 82 2 82 80 44 35 18 18 74
8 5 99 42 70 91 81 67 47
8 16 102 85 30 104 16 29 103
2 374 448
13 37 40 52 28 5 52 73 4 52 53 22 27 73
9 1 55 52 106 35 20 38 96 12
12 8 60 68 48 71 24 65 57 66 1 52 73
6 135 87 103 155 147 141
11 13 53 17 80 30 48 4 84 87 73 65
11 36 76 89 23 87 9 37 46 65 55 50
10 18 16 30 12 42 88 35 45 53 91
16 18 40 2 15 58 34 42 38 41 19 39 61 25 5 44 39
19 30 4 48 35 19 49 23 29 41 45 21 9 19 36 52 30 23 35 11
16 12 12 15 30 48 13 55 53 54 29 29 36 28 21 28 56
19 28 6 39 20 26 23 14 10 23 19 8 5 29 8 44 43 32 9 28
14 66 65 60 43 4 56 47 51 26 46 20 49 10 71
11 13 50 83 54 18 67 37 38 32 26 43
2 483 22
17 15 46 19 14 3 15 44 52 19 51 11 47 10 8 4 37 22
10 79 39 27 85 75 45 28 43 97 9
5 170 58 65 140 150
16 4 48 59 47 2 60 12 62 5 11 26 43 42 53 13 46
7 20 86 81 23 132 80 76
11 1 67 35 52 68 41 33 73 45 88 26
20 31 37 43 15 18 39 42 8 16 9 25 27 2 37 15 36 50 16 48 31
12 62 47 11 47 66 80 66 78 75 43 28 32
4 240 92 155 33
20 20 43 24 46 44 12 12 31 12 28 28 44 1 4 47 32 19 45 42 21
20 30 43 17 4 8 8 45 12 40 46 31 32 21 28 28 33 42 8 46 19
18 41 31 11 32 52 11 22 21 52 53 45 54 17 10 46 24 11 45
9 59 84 43 31 66 94 64 76 34
3 198 198 17
