1028291842 16
609007406 10
590844455 7
1264872309 3
1508603836 2
1793508251 15
426238331 9
115670423 8
397446562 17
1463272492 6
714742055 17
1655582223 13
96352066 14
677515488 10
1087101462 4
10968735 14
922952397 7
412862461 19
264241676 15
924189155 15
303987722 10
1626737988 10
1265045641 14
678524436 17
698471788 1
826949073 19
1651640422 16
892410756 2
1852584274 17
1748205966 13
1605105143 6
1005856825 10
605552651 2
1260262553 0
1875656187 11
1837812644 7
704269846 2
1341962063 7
198198129 8
1440160370 10
295764904 12
539774272 2
2041074366 2
904700021 7
1311066961 19
381849503 17
769581098 15
2060309431 1
1875900154 18
871989898 7
760704297 8
926527256 4
703395615 12
2010404634 1
1021551707 1
2116410155 12
1882184431 6
664872003 0
1536854008 0
2144027745 19
1592461225 15
1468670162 3
1673434158 15
1047093116 2
838159353 2
100477449 2
689416841 8
1690887847 4
1363589180 4
1176683964 2
1347303978 13
1514280060 11
1695366711 14
600132411 6
307953652 12
1149765611 7
215003679 8
1716718149 6
1363514769 18
777140178 3
1228366481 6
1208058299 11
669064672 13
1704839565 16
1157261878 18
1149692467 9
1512388192 11
492124299 7
963333913 12
642163610 8
40619531 8
586049644 2
2124276866 11
403101981 5
296430134 3
55056856 19
2065157297 12
1216242379 17
521397633 18
26668671 6
1976005633 13
781268236 5
735314486 13
1386146629 17
463861493 6
1728574859 17
573688206 3
933393531 3
1278234467 18
1054425335 13
1217875812 1
1187811529 8
1329008714 2
708681002 12
1035551063 3
1050680622 5
1973541118 19
684665978 2
543125099 2
1021005329 4
733777044 16
2089471401 4
1875129391 13
231998822 10
2036127483 8
564979912 13
754330210 0
188817389 18
529614714 3
2021681906 0
1994311904 11
859306677 11
722639371 3
2026124828 0
1469341001 10
1510858991 1
756732375 0
2099217430 9
905163466 15
1702101256 14
300866881 1
1761265799 8
1874102390 5
2052849158 19
2054281118 9
1921145949 8
658932184 17
967382147 10
1539944416 8
1928158413 17
2027246393 10
1337718642 15
1983435407 19
310478234 0
550177338 12
1416993552 0
1188352494 10
472810271 11
1424665014 6
2101660079 5
1110732449 12
187849317 1
1448813380 2
1114603491 2
2141820 11
1461646668 13
399975051 15
886001304 15
805100510 2
2000507869 10
1383291934 12
1550419135 12
223413321 10
1478185263 14
1338251900 10
663052028 2
136916053 1
585012732 1
2054308537 11
88271456 18
570358705 7
1237331175 2
1178185343 10
424457556 10
1409600749 6
875457250 8
197077094 12
537127888 9
1455177099 4
609054512 3
1962341163 4
437192147 9
807021802 8
404317557 15
1654892956 12
809681572 19
915203221 9
1959268944 11
1614625608 10
1619820146 7
161815743 13
811997225 9
367963675 3
528865767 6
1706836242 1
186032965 3
45253137 1
1561561025 16
1042595648 11
719731705 11
1374076185 18
1278342588 13
924230165 7
1433230454 13
2119411267 7
283241601 3
240357242 13
214801055 16
33216654 6
1885199609 9
1016193414 15
678114025 15
2079647468 8
711956310 15
1570251525 15
213045018 11
1306556058 12
1777578756 15
1105248986 4
276738583 7
991473643 3
1011583930 14
1568788227 17
540892289 3
1651128019 4
931822921 9
1839034653 8
130370656 11
928846717 18
1625920934 10
1993484733 3
256947312 2
1877059002 10
1373781253 19
536118990 4
1326824247 11
1668223418 2
1450292078 17
707518800 12
322829563 14
1529141671 4
336335866 16
2105408734 12
1486557511 13
2053616339 0
1727120928 5
1082592145 6
1504271842 17
1902466998 1
1686023055 8
501576797 13
6375735 7
525535390 6
1936335695 5
1622809456 0
1938675858 5
2113699316 13
1121349854 4
433272312 14
1840813044 6
1423777317 4
1574785281 8
846453711 15
203505150 9
295101858 17
1818693343 6
460302024 4
1477633539 4
523321495 4
1635243588 17
1340573442 2
502153393 17
585869904 17
341968289 2
1421801302 18
1131459133 16
1848955208 7
813118616 13
879574345 19
1348921854 16
1356203966 15
196915635 10
1275823299 8
1021212632 18
1349244249 9
564817963 8
1917265421 17
1148913727 2
122766256 6
802489334 2
984190424 15
567460598 18
1326114636 19
1060415824 18
1324000586 4
711859829 1
341689336 16
433340739 11
1416083944 12
911255628 12
1954810238 17
2001847891 5
1584186827 9
785804189 11
1450015376 16
694980324 16
466618163 9
1534999498 1
2145859976 9
1945355878 15
1039049317 3
1441264812 1
659570440 1
1712937461 0
487854535 10
1163877261 18
1542549377 2
515370817 19
1945171196 19
215558318 16
1116825250 1
32748446 19
1737256962 17
170470175 9
1941521655 17
1983418690 4
117429080 13
1879014691 5
1531482579 9
46482657 16
213229602 8
1446585641 4
1651017592 11
903815810 19
1476616900 14
1514979430 14
1898252093 8
1316220958 17
1325113142 16
1728892384 2
1244169854 11
507805051 12
1212450638 6
1003436147 12
1414515485 12
609152273 13
1450591109 16
898545545 6
839358627 2
151794719 12
1252238439 2
387799355 18
2099670895 14
848581792 5
396686698 2
1933269209 3
1506877144 15
999385717 17
616919337 10
279002550 2
1374258099 3
1565811857 11
1002257170 4
342436608 2
66612227 16
1383134270 4
1574536986 18
1238800917 13
821489804 12
1289659062 1
1690043389 1
1326419429 12
2043976691 4
1058403357 13
2087552695 13
1031524074 6
1709180819 6
2090890554 12
1818878249 14
1369342538 14
1403519284 5
261885467 14
1681893714 5
1781739324 9
379902934 8
1352192460 15
803326246 4
1566059095 1
1664276814 8
837847942 18
1024378459 11
236807724 17
1347206341 17
2068201019 7
1350815484 1
285771765 18
1773173207 5
1465621417 2
886827625 15
767482362 5
635915817 5
1376893112 6
705973608 6
1493228919 2
819832599 3
1266765651 5
923576608 1
257891004 6
1401051589 17
927604836 2
1972339092 1
469061562 18
4687577 1
603939189 8
1792094901 5
810403037 16
57187444 2
2001898167 1
184363288 2
878092690 6
1117137809 8
1571036419 3
1624581889 13
859660083 2
328324290 9
934764800 9
1804201696 14
1218697112 11
908634435 5
892660952 10
601220362 1
1385740402 2
814518486 13
1693049546 16
677550586 15
866834449 10
909762314 12
1648536533 18
666815024 14
754977909 18
779704668 5
1106511524 13
57419331 17
1497213740 0
744175684 12
206232097 1
2138187898 3
1479646732 7
536392693 10
1091220144 17
731678664 5
881354234 1
469369973 9
185224759 5
102414479 11
1529886901 6
607758309 4
1120920504 7
1994083044 9
1938287799 18
1229330269 9
2084790682 8
1412604404 9
196736704 0
1961713660 10
1814065636 6
1808790236 6
1513024920 16
1914864441 1
17995531 12
2127663392 0
791879816 11
992124165 3
3802766 14
1923779043 9
977933194 7
1291598414 14
856594744 10
133131085 10
663145864 13
2140631257 3
1590493038 15
990408877 14
139219805 1
1964372750 19
420884374 18
2010996911 15
1052889280 14
1922514070 18
991552748 10
1292012684 2
53213687 8
662475788 3
959832881 5
773585860 13
1071333873 5
114029159 17
1918092904 17
630309349 1
1976625136 13
1017804746 7
1628041748 18
543432047 0
1952124644 9
816427520 5
2031772480 15
456966941 18
770521810 19
1428066239 18
442038367 2
511890416 13
2050414687 8
1152686831 14
1916981854 18
1038621184 8
1028543154 11
1485913815 2
482595388 7
1848808796 19
1539433382 9
1937475035 6
489681140 5
2143217028 9
1298959139 8
1056066020 13
69602821 19
153669848 17
719195711 16
1432027398 13
1545086120 3
612519315 3
1517105983 1
2009958214 0
841766863 16
305665297 15
1892228509 8
52095135 12
1344067843 16
2054166810 3
1034200974 11
389390567 3
1253872623 17
1806792383 4
593732269 0
1840321277 19
2008895286 14
1915534881 14
769247642 1
2014382120 16
1903744001 4
392081170 3
209739968 2
645209090 10
1216186341 7
1219521534 12
1674068985 17
1185190176 3
308324488 13
707379405 10
1158453103 17
1273591309 14
1955386419 17
2120826138 10
935784985 13
1983335255 5
668864792 0
1816276820 6
2061936474 17
425933239 11
1338109450 1
1837276558 5
1554684627 6
578605919 15
559430552 5
743323616 8
1437738761 6
1949678959 19
339545941 1
1185535574 7
800382201 16
1537837605 18
417568896 11
1376497294 6
1228519643 6
347554056 5
621689263 4
1351367009 19
704230677 7
1684284297 19
437449648 5
1637934200 16
1892426404 19
1700661873 0
300612987 3
235194643 3
984241754 0
1653956151 12
861609332 6
1917611362 4
439985653 1
899376216 2
934534272 2
839549392 3
35010325 16
1623588000 17
1300740927 17
1494073213 10
1905282897 19
730822769 3
353507099 10
587047137 4
1611850251 2
1610918239 13
925476589 13
1137388910 17
906761644 1
1449421457 3
677611033 9
2086070337 4
1203457456 1
374644955 11
713495567 4
1527016761 9
1031817534 5
1395229222 10
8602961 2
1471055828 5
79537182 18
992796126 15
1891203744 18
1850621363 16
1568368999 7
209884237 14
2090794793 12
397044913 17
270657583 6
1006387992 16
530710072 4
1564283049 0
1520947769 7
1351780583 11
22045467 18
525190109 18
1000831066 3
969652041 16
1338349076 0
784647341 6
1453116271 5
792075344 4
1723079365 4
1331082492 12
123518122 10
1467784856 4
554428251 12
1854475793 11
714233308 9
1337887392 15
1298478781 3
1339648742 16
1967969730 4
1184004380 15
1520236721 14
1103351388 7
2036406461 1
503916173 2
756138851 6
1477695541 12
583055846 17
324257589 17
1118594632 7
1422317074 15
2110064907 2
1516600028 3
675374818 17
1391978761 10
1769340494 13
598634619 1
1104717041 18
696227803 12
28419431 14
1515315588 13
1476915284 14
1402481759 2
62299554 3
1213103027 1
259758128 3
1491783700 14
1561717302 17
794833668 16
1518319458 0
1498342086 11
1299261048 16
1962587249 1
1075125413 11
676556911 8
1703308808 5
247416766 11
1830885751 13
1264397771 18
320875317 19
798597899 19
486587169 9
1419387511 13
1953940497 10
600187722 9
522370166 8
1144737692 9
952826183 6
1574941312 10
841435917 7
1106767221 13
1921817223 14
1084078228 7
1084731259 13
1225191555 10
1872828608 6
227414252 1
1829516778 17
127312100 2
126131165 15
626531662 17
574409736 15
1075067955 7
1213382702 3
1591979621 8
1749724432 12
797358678 15
889363082 11
1497911374 0
1061092 13
1110122289 17
1013709043 2
802502538 10
2027110979 0
1080999985 5
1699688340 0
320016694 8
60729116 13
157461263 16
1835434991 17
809568713 5
1750448337 14
654321925 15
1487577733 4
1624686511 2
965770759 8
254559335 15
547699057 11
1977751265 4
1474651666 19
190811629 3
1472637756 13
2119660639 4
2091035054 10
896219051 6
932937166 18
120184051 3
2035442267 18
2019612108 16
1923515782 18
968084738 0
544585420 0
1956173074 1
400987556 5
625172232 9
775101765 3
1015342309 5
1887930385 3
1753933020 11
539750449 4
1337363595 6
1663106780 5
1250089769 16
195794073 5
724735145 12
836686781 10
713345230 9
962673580 1
1340381926 11
1775052735 0
1117827011 18
529715192 13
1520173789 8
1111182641 12
635985307 8
2036107707 2
497347849 2
1189402371 8
1637841542 3
489594966 4
1530486828 7
1068320969 16
645267566 10
1690596159 19
1766883899 12
847610980 14
2000362349 5
2126480009 0
880265474 9
875158637 14
768246605 16
491871067 12
1435634191 2
1589713013 18
1861186126 16
1546781055 12
1579082733 2
994707135 10
975423708 15
1045190202 19
1072887038 2
1277742928 3
107957355 5
197612274 8
1867937033 15
343715535 0
123258241 16
380447092 3
1217022154 8
1291963845 12
780062853 6
781646378 9
2117698876 2
685327580 12
1236309019 5
1609345702 2
978878340 13
941104022 12
1131801666 15
1564966763 15
1415667211 16
325800776 8
419869163 19
1787428980 6
2145413137 14
444806386 13
1824048105 10
138021134 18
59233367 18
470610968 14
1249878126 16
1235017760 16
1003776945 17
1280297336 0
7091162 3
90812090 9
1406978495 7
185873787 18
540178664 6
841572026 10
1246348729 6
1340461546 13
1669691339 13
436136945 11
2042867023 10
803638332 4
273831083 1
1788205518 18
671734486 10
1174375373 1
902914104 6
461376925 12
1188477151 13
574959326 6
137254380 19
692922746 17
1648262651 18
2145177581 5
46542431 6
456756771 6
646306124 6
1362955238 13
770303547 12
1914499180 15
1890314179 7
510037647 11
731073951 1
490650265 16
851479606 10
1875455927 13
481308043 14
1298003324 10
1784679539 7
1666185394 15
1185457597 14
1317916190 8
1027260877 10
1288614824 14
92989733 11
309499072 18
116463234 12
49826891 4
1246821128 0
1438541511 13
1190238575 8
176718325 16
118382995 1
1244482234 17
108510988 15
251774631 1
1635140094 2
1361009197 7
1743239814 6
951575235 12
1539952790 18
952277086 12
186139033 15
1917739815 7
174504074 15
1577197459 7
1425694208 11
642415026 12
425722117 16
447582856 15
398495719 7
1347663298 9
2044837943 9
1301990606 12
506289851 4
711373135 1
1646401400 7
158008228 1
1468892516 19
1872476848 0
460555546 7
1561427341 8
915659146 6
1446083260 18
1675023486 11
1546069937 18
1829969465 13
901784927 14
2082471649 3
983679125 13
36656680 9
885057133 0
1434263321 12
3245634 0
2019047348 14
1775909185 5
1271659530 1
11583582 5
152064996 16
551579258 13
1668266346 5
981643791 16
1831457948 6
527804482 4
201385314 9
1000636016 14
1782932641 6
851455090 0
1947959565 8
1601592028 6
547759760 10
828683925 12
852785209 3
1814257021 5
1785546536 7
965373474 1
1268779093 6
1802002833 8
1190855678 17
1948408950 16
661279222 4
604988542 6
1443794176 9
1582770427 13
1825847993 16
1894376322 11
242761909 7
429155905 9
493764302 12
1208542740 9
893125585 16
859078230 16
823147652 13
1315926804 18
1601488928 7
573837477 13
1186095051 7
477735797 6
248693443 9
2142745812 8
733432966 14
1334035643 19
736518099 8
1149303589 0
1976742819 10
114533102 5
278553857 2
1905247199 16
1153437561 1
1822521303 1
1399119251 10
665598370 6
676742516 6
652109968 3
1500886196 0
411268098 8
634328075 18
1704962285 8
1618711077 8
327467400 16
547573426 16
111377854 0
761661546 7
1756695790 6
994252186 1
1309201203 18
836394420 7
316667851 3
984323494 18
1207330513 1
592274221 9
79820056 7
1588726633 8
1483717933 9
270266686 19
584143774 9
27575021 5
1386105642 1
595994248 13
738806959 2
971918742 11
1732569324 19
1104624434 4
650748565 5
770811149 16
2136742252 10
1666292920 18
1082979451 0
1063922929 13
1758119807 5
215117977 0
1713004713 1
1449406335 17
38146023 4
2131926163 7
1592736388 19
320480445 0
589059437 12
1870936743 3
1217486018 14
243510495 19
1109043306 5
1540210073 19
1727640285 1
1185154046 6
812597087 5
1433443732 15
1386937229 14
710733799 12
1951061752 5
1401189719 6
295338324 16
1350125240 2
1238675704 11
1656185204 17
863764665 9
1358022655 18
1893440828 6
1098955084 17
368253943 17
815379924 17
1397715856 15
283869336 13
1905153416 16
913833069 11
1823151285 11
1048644289 6
21757645 19
1924415839 1
1576287373 13
989754448 0
857042678 0
1039618156 13
1520702777 11
1969227504 7
473551993 1
1532403869 18
738893662 16
211616423 0
2072724936 5
328753748 7
731242834 18
1082885351 8
25500942 5
2096159918 10
701821743 1
1036063745 12
692402300 12
1292419179 13
1731783512 10
1636379407 7
27061673 14
852730637 3
2067022019 6
2140999283 17
642103589 15
1442642666 2
896053108 9
2103904776 13
1727034592 3
2074848802 19
1532772217 0
2144401799 11
1211834195 16
109397357 13
1756716728 5
439809946 19
380208270 6
916360256 11
47434892 0
999468711 0
1796199581 17
1349563701 0
1225335080 0
2052811164 1
577956915 16
533939901 17
2138061068 5
1552148319 14
852828390 12
73408966 13
217510198 19
218607870 9
1430592907 16
931279822 15
704712051 3
2114453895 3
1303607457 0
1868930416 15
1622965651 6
749068069 14
1682735045 10
1094770333 2
601137364 2
2083592936 7
958624727 9
1462609310 3
1979563066 10
1032669778 7
314421447 8
1125411691 9
222680461 16
1057868455 1
612960579 13
362776776 4
2096990926 14
470529642 17
1813654475 2
107255277 1
81375801 14
1918211182 18
686237269 18
1512788866 12
2041056493 18
970711317 10
389031141 13
276580893 19
1856058685 9
1005608712 12
153199452 10
1967466119 13
1652933277 0
286050619 2
571862781 14
649643240 1
1976551613 8
992879700 1
966553630 15
558862450 0
956339378 12
1022242351 0
25756908 1
1314097038 13
1371446347 6
1323159314 6
1182575737 3
1320978874 5
1529888278 18
1564600984 6
582993517 13
1508572319 5
833174369 10
1848838630 8
1225412819 0
838960901 1
1644767679 17
972858009 2
2071970766 17
1360876819 16
1542408259 0
1520650556 9
819067742 0
1699929577 17
616021609 10
2067329262 16
1017624600 2
1715540717 1
1987927386 8
1995700188 19
461172330 16
1599870857 12
1024365040 5
1345357671 6
1487454697 16
644786548 11
1050804390 19
135621552 11
338691813 9
582298454 15
1873401614 9
379234910 3
1776712938 15
1933673071 9
9195844 14
1857463267 17
162810030 4
536965216 15
256903345 15
424077049 0
1646259332 16
1106303665 11
1717400557 12
1947680695 18
1845841638 18
1298780145 10
640303709 3
520788146 19
1245479701 16
159294076 0
962747317 10
786335344 8
1382137086 6
38241185 15
1013668954 18
2137796465 12
550277730 5
1625414780 18
134212418 10
6589671 0
1778339284 5
1525932644 12
663458234 12
1487508428 14
1739144044 14
1418756671 9
1003321550 6
473106492 19
1502971632 1
1063354083 11
2138880278 14
951457111 5
212913045 5
182973415 11
289948477 11
1825919956 13
268033540 4
1487806516 8
1240507908 8
1349455130 1
1655791717 9
1791221504 12
2128167391 5
171145609 15
1005895544 18
1437955253 12
1981476147 14
1575400167 16
1179435139 16
1954524608 17
1208112597 5
799710774 14
2139564062 9
2077745116 19
1472002842 15
2037493679 13
959690973 18
866717459 5
56550503 14
974645977 3
945420757 6
961832680 17
1741536780 14
336989056 2
1957566713 4
71767767 3
1161010891 3
663910294 19
2093186286 5
2110753129 10
531118760 19
987590081 16
468831965 6
874471657 8
1804251091 16
1721016178 10
1019024674 7
587774971 16
1671961358 15
1543751318 3
566362583 10
777328876 5
1010580060 13
441745171 5
936817286 18
33657714 17
1270474697 0
1658742928 15
651250087 1
1053730944 15
1389086550 12
1817399596 2
1323941827 12
262676649 10
1202386013 9
415764816 10
1993902878 8
753039041 2
1407916521 16
1867496377 15
1690212139 3
401548373 11
739489071 9
1500912407 19
490844388 16
2110904551 19
1806731338 8
847475451 11
157871419 2
1280238767 2
783392172 17
691020252 17
352703623 0
1321844132 18
1046152555 6
1998054087 16
1388298482 4
59245952 6
801159919 16
82505341 1
1094055111 17
2098033689 1
483966085 7
1534599898 10
1410610960 0
922281340 17
1855258013 17
1002202902 5
258425630 6
1693261238 17
893744068 5
967060073 13
344584888 14
176331660 18
202389448 14
1789503757 3
251946623 19
550908323 5
521742594 2
1898793974 18
1966348375 3
108435276 15
378830050 13
1085185542 9
513377704 2
923755092 6
953686669 19
1616955823 9
1594574691 16
671934925 15
1595859452 11
1939394728 2
232376142 9
963586979 9
1979088074 16
1369766907 13
347545628 9
309230475 13
1490642980 11
1517216736 18
1698861665 0
110773647 16
1877831833 15
1186372374 7
1844736437 5
1881529849 10
272879031 9
837969762 17
1156689089 4
36877963 15
1786386624 12
1875376522 9
59633325 17
1073728283 8
33361626 6
866994370 17
2002547672 0
1426899247 10
985268518 14
672134600 11
2063026424 10
798878668 6
1803246900 7
1770309273 14
1856324903 11
1283340743 6
1162123581 13
2023227566 10
1687380337 14
1873294002 18
476781399 1
264541718 7
2006997890 6
1316900748 17
1190931770 2
1744955370 3
1431525627 16
1409727816 12
2065581543 16
724868596 2
610725518 13
883325483 4
1904947064 14
357387272 15
1270599312 11
1034511619 15
323061110 18
1744629074 5
473433490 1
838690903 8
1192527511 17
1404646774 5
1547227861 18
1431144342 16
1397047054 12
130818831 18
2112844598 1
880382364 9
1097355802 13
469426126 3
857813629 7
1693561379 7
707226509 5
1430297228 11
773468739 12
1622415420 8
584322296 18
240666134 8
294243479 18
848137319 11
450729281 11
1270191913 15
991428493 19
877209361 3
433830888 16
367816922 2
431233269 2
1343881420 1
2042330665 8
207662094 15
1076133073 13
1741132045 2
369034006 4
1732636267 1
770174545 19
1984958400 10
1193438487 17
1968723631 18
577604340 6
287917305 13
1929776674 6
654541110 10
257440990 11
1078707537 12
765172082 13
1310723077 14
1482425756 18
2112568783 9
1330995693 0
110725986 2
110046912 10
1790526755 10
237192554 14
1387034576 16
1691342944 13
1215060964 3
1210067048 4
1558802821 15
97082423 10
1916906811 13
834953410 3
1230275384 11
684933927 7
140268178 19
1075083297 6
770281419 17
774865986 17
2051638251 16
1908537000 19
398169766 11
591707786 15
1786437091 14
822579256 1
307870448 12
666893549 18
960710782 18
1446197411 19
139261051 15
582804671 8
1651448553 8
759618927 16
847526221 6
1554791187 11
968254155 12
2084789533 4
262288593 7
145725201 6
1354825836 3
313578952 6
1868345353 10
1057985101 13
873553926 6
643790104 15
64223031 18
558548216 14
363763276 14
1334178765 16
91667620 9
92588817 17
414274645 19
1333339045 17
1148391109 7
822075452 18
1580445955 6
2055656575 16
432650781 0
425066883 10
1565004370 8
2087769031 19
1198479920 6
1216420979 11
2097312666 11
903034144 10
456971316 13
1405987701 15
1066006848 4
162830057 13
522382432 0
48722763 16
1301636532 4
943504746 9
450935748 8
1423083128 1
2121451013 8
1154630835 2
315236183 13
2414081 15
153481846 8
1103453955 5
620136 17
1615369848 17
764460733 1
1684145130 9
855111979 5
1178761993 6
551518319 17
755595245 12
994580375 18
663625995 16
1219287048 6
188410029 3
875267420 7
1172862132 16
1709587164 4
1229550107 18
1321618414 17
2107698509 3
280999433 6
543995751 1
1694574511 19
2051748631 10
431494489 19
1368646988 0
1085835476 8
1739552255 13
563619525 19
859990465 9
1523759108 8
635300488 4
1612982649 8
1819272680 15
23867906 11
1295697114 5
356434197 19
1350648766 17
1097577315 6
646753028 12
800251150 9
1711280042 0
2100393613 3
1010903509 9
1637347802 7
1176513147 2
1349393141 19
529906569 19
920048329 13
871725625 7
1810395424 8
85979167 17
1689247537 9
638951738 1
1354131957 0
1655150264 4
747838055 13
1249458797 9
1786667203 11
460874471 5
225668751 5
464997124 7
9568720 6
2044569272 0
1060948712 9
130275365 10
1804778127 17
1360798712 3
1497009997 17
1927040660 6
1802239580 15
1236207925 2
38868586 10
1503968169 14
942211074 4
439202074 6
1344689056 5
1152927709 7
2093875717 18
395903774 1
516773924 19
815871655 3
1456483598 0
1807363638 15
1121670298 6
2055670496 1
602573663 17
2051065766 5
515864152 4
2079687730 7
130007490 18
1993258730 18
560641564 9
1693583803 6
2070931178 3
1994385776 7
1397160771 1
38805434 1
59340109 12
418919114 1
2045317580 9
1974678927 14
1056859206 1
692894334 14
2016093964 11
827313864 19
1239641526 16
1152249307 6
932161356 17
1579724433 13
882141724 1
937883737 11
1400957040 5
273355715 1
561074489 8
1837120763 10
52440418 5
365296568 8
2121661028 10
970832992 8
120669972 0
1293769461 13
933514215 4
134574185 4
307213326 2
1721840486 7
1824088910 18
585685751 2
1241375334 11
1807620370 6
1172372329 7
806465189 15
787776335 8
499475720 1
1161998189 0
909839325 8
2047773661 7
1992632238 18
1485458033 6
32188313 7
794612629 1
1999543852 13
230826682 11
1008254503 5
1751584568 13
1189372538 5
2089618776 12
1258352229 1
1422847193 8
387639835 17
746700085 7
1579149240 15
1042163190 15
538034047 15
1906680875 7
1623762854 15
1908340277 8
99283462 0
1776180593 5
322239327 8
1060049256 0
2096241701 2
1605690925 14
1185803735 19
339243246 16
1841055286 12
2083079184 4
1370542250 7
1564035634 17
682584575 17
799769087 5
993980674 10
64418200 0
1017972860 4
111016167 6
237308959 5
487714016 9
1206642191 19
842614746 12
504295749 3
1900697763 17
1827999245 19
164197510 16
1030665137 17
2037709707 18
1433722981 11
1262823881 6
1997081100 13
1303187192 15
386252287 14
2120791248 10
708221398 11
996590639 5
1095105317 7
697012322 2
1148067054 6
274533701 4
1899683484 4
1308576106 15
1987993262 7
1006259576 2
137901290 14
196769492 10
417228489 5
987762673 8
1283487655 8
1126848409 17
958997998 15
706194641 0
372170486 6
834894296 3
1849254007 14
686425330 19
260127482 2
886067728 6
1134476936 10
1357567737 7
1358614838 9
793349773 8
1402355271 1
1057882645 16
1978705829 1
1261593205 6
1939574535 5
1256288965 6
531199168 10
1015506678 4
1035978470 4
1345407464 7
1557787390 19
142816271 10
771797211 19
1750525316 18
850463446 0
585170248 1
488849923 14
1671303411 19
1655801978 7
146553842 0
1520923768 14
1137248407 9
2129447270 12
1873731810 11
826558720 8
2058606464 8
297473360 19
1358701952 8
468407188 11
218039628 7
173933797 3
1097324773 12
1969251861 10
399739378 18
1919367386 8
740802665 13
2009700461 6
565403102 9
1956415138 15
683592675 9
155296891 18
2024403151 10
757534142 0
585195823 5
902198886 5
1512109518 3
1333041342 12
1222916004 7
1068647970 8
681988003 8
126675137 7
834020576 15
1482089813 2
1650607186 13
697939786 5
338007067 16
114245098 18
167597395 0
2089633280 16
645029086 17
867745262 9
711258066 15
519191890 2
110329805 0
1772235854 9
1328646900 15
1258257116 18
1029117466 19
649600685 9
789810930 1
162741376 2
717729756 16
866194218 15
1201887506 0
1419195858 9
1382589530 16
1581511148 4
633971024 3
223992484 5
95390697 19
992246141 12
818210602 3
323557605 16
1641471806 1
1206933728 2
390205708 16
535438985 2
1359061697 10
1820353271 17
33225730 12
1565536042 18
438233158 0
1576026288 16
1520981186 17
1830517876 19
183792204 6
769290504 8
1463941782 3
1591492231 2
1930478922 11
1852703634 10
1845649757 3
713960484 7
1344058663 13
601533142 0
1873707048 1
235091390 7
761225081 3
1735045196 4
954645138 16
1353400720 8
1311478492 11
1997440372 12
1157856382 11
2095455718 2
1045027472 12
1092328933 4
802334438 10
1463678367 0
743818517 8
259063388 8
3652828 7
1136032624 11
741900848 11
1466301952 17
1284109714 16
1811279370 19
31603216 1
43350785 17
577457172 4
13942797 17
1261634024 11
772601130 5
908664532 16
1582395213 9
1050895562 17
334339970 8
809154586 5
1569190807 2
993699038 11
1619673331 11
1395434923 6
1974541770 19
1649414215 13
179266284 8
763132134 4
1858317564 13
444890544 3
73718612 19
2065258449 3
516481526 17
1892057618 4
213284998 16
878251173 16
210286112 11
1560633836 3
1509937504 10
1472951423 9
1067058385 6
1961569511 0
997817507 0
953067285 10
477829125 11
259370778 11
238684248 18
627645860 18
1359910674 13
1537322300 6
1946523482 9
1187478287 1
576633778 8
1232449173 10
1698551799 18
1978865887 6
727717103 16
1499997406 19
848318683 8
1154097253 0
1137438662 0
1299799160 16
1341943023 9
108219946 16
890051997 2
2044163517 9
713423866 2
155294222 18
992371882 7
994172455 2
1405921889 1
97257967 0
1636708901 3
711919253 3
343942576 9
1767415069 18
1856454069 6
138671711 12
335908896 8
2106849952 8
364706734 15
650695391 14
2069691076 17
1488306174 19
933955748 12
380774224 13
879087224 12
1101042420 14
298254071 18
543971151 16
441383048 14
696851676 18
390280944 19
824449298 18
444048598 3
1775722342 15
1335836242 1
1155190286 17
1005737487 9
486209351 3
260214144 7
1211227295 6
1235345734 10
1677142673 8
199341170 13
1860795120 0
1004105774 1
511323361 9
230775934 12
924331669 19
1221107911 9
2127245066 2
1140215779 17
1630740780 19
773180047 0
1341037828 9
1480065935 2
1146301793 14
584461054 10
1237496543 13
2043156930 18
1727100677 8
1669099569 10
854231684 13
684139684 14
388994038 13
1196850625 3
1425420883 18
1478447654 11
660391528 2
520992772 13
910318778 7
965469943 4
1160125503 3
477309723 4
243479817 15
1358882866 14
113127587 13
585527634 18
138995446 16
612621980 10
73 16
12 19
98 2
19 14
89 1
34 1
95 10
48 12
44 8
43 3
16 5
50 0
27 12
80 13
28 13
18 9
81 2
55 3
29 11
29 0
71 5
2 13
71 9
79 13
29 12
14 13
59 17
76 1
80 7
31 13
62 18
6 3
40 16
51 17
3 16
52 18
58 0
28 9
57 19
12 12
65 2
22 6
19 14
25 13
40 3
57 15
77 7
41 0
3 7
13 13
27 3
70 15
42 10
14 4
88 17
57 11
32 17
88 17
51 15
6 18
64 6
92 14
53 5
19 9
68 19
14 11
94 4
65 5
29 13
38 0
55 1
5 15
20 0
20 17
12 9
18 3
66 10
38 6
45 19
95 19
12 0
42 0
1 3
72 0
68 14
78 18
65 19
27 17
93 0
20 11
71 13
72 3
52 1
89 3
63 11
59 14
75 3
68 2
44 2
25 4
49 7
82 16
80 19
49 8
86 8
74 16
1 10
79 7
72 0
49 18
48 4
91 13
14 16
68 6
18 6
12 6
18 12
50 18
54 8
73 9
27 9
50 13
66 12
25 1
77 17
4 5
42 16
3 16
28 18
30 5
22 14
89 6
92 12
65 5
14 12
73 12
67 1
85 12
23 7
90 12
81 19
34 5
20 1
98 18
22 10
11 9
94 12
80 5
50 19
71 18
86 0
77 11
34 17
70 10
66 12
76 18
36 13
3 11
21 11
2 6
40 16
48 10
74 8
37 9
59 11
98 2
94 12
22 0
91 6
70 4
94 3
66 0
5 15
68 11
45 4
1 4
8 10
6 12
16 12
52 3
94 3
28 2
9 2
18 19
81 14
75 14
49 12
62 5
77 0
50 17
31 3
22 1
17 12
27 11
58 16
68 15
19 2
1 17
98 6
66 9
6 3
81 16
75 10
99 0
11 16
37 7
85 18
0 15
10 6
91 8
4 17
70 14
65 15
82 13
24 9
3 0
55 11
60 7
35 1
87 7
1 6
95 13
68 6
94 18
61 1
6 19
97 6
98 17
65 2
21 4
78 12
17 2
78 18
63 16
94 5
7 17
79 4
75 8
39 10
95 0
44 6
61 19
77 11
99 4
69 6
93 3
70 11
2 4
39 3
4 19
48 19
9 13
99 18
33 9
3 19
64 0
82 10
99 3
31 0
96 15
58 18
92 0
19 6
86 10
37 4
90 10
60 3
10 10
74 16
16 17
44 9
4 2
37 13
36 15
38 12
18 3
3 5
55 19
80 9
15 7
12 4
73 5
32 9
1 16
21 5
84 2
11 4
82 5
68 1
64 16
31 5
78 13
33 18
99 1
60 16
4 2
86 5
25 3
93 16
98 12
11 0
2 13
6 11
80 7
19 13
91 0
90 5
32 6
37 9
4 0
24 8
83 3
24 18
32 18
76 17
46 5
52 2
52 6
9 7
78 9
7 18
72 12
6 16
87 8
8 7
65 18
25 10
87 6
63 2
57 14
83 9
68 19
9 1
87 7
73 7
32 17
18 10
58 4
14 11
23 2
83 13
70 18
47 14
64 0
80 4
78 14
86 15
42 17
81 15
85 13
17 0
91 17
20 14
16 5
26 7
23 8
72 5
85 3
55 13
7 14
20 8
62 9
51 2
93 7
67 6
72 6
30 7
61 6
95 1
25 16
65 5
50 14
15 6
6 17
89 6
62 11
26 13
51 13
70 9
10 6
61 13
4 4
26 0
16 17
94 10
78 0
61 15
63 2
93 8
23 15
20 1
93 17
3 5
53 6
30 3
61 8
57 14
10 0
56 7
67 3
81 19
1 4
35 9
95 4
19 13
18 8
95 5
58 7
54 9
36 17
16 0
82 9
33 19
42 4
70 8
23 6
44 0
8 7
3 12
29 5
16 11
10 17
4 12
57 6
55 4
22 16
91 19
4 15
75 14
44 18
4 18
16 6
92 6
34 8
19 16
26 14
64 17
63 13
94 13
39 10
81 12
64 10
38 8
69 17
5 10
77 2
87 10
40 1
40 9
22 2
66 17
13 2
20 8
91 14
89 5
95 1
46 8
52 9
9 2
29 0
82 0
54 9
98 0
32 9
12 11
19 18
18 0
88 1
97 18
4 2
12 11
21 18
64 0
76 0
43 14
95 5
16 13
44 5
72 0
26 15
37 11
96 5
8 8
30 4
55 7
29 2
87 11
50 3
87 6
60 12
81 18
88 19
93 3
99 16
34 5
2 18
49 5
51 2
73 6
28 4
63 8
47 18
4 8
5 1
46 8
18 7
40 7
10 9
6 3
45 1
30 4
37 2
91 15
97 3
24 12
77 12
42 14
76 14
56 11
93 3
8 3
48 12
65 5
33 13
55 17
69 13
63 4
10 13
93 17
86 5
20 4
90 13
31 16
65 14
61 13
90 9
24 12
94 16
90 17
24 8
20 15
93 9
44 8
90 6
36 10
70 12
50 13
63 6
19 6
80 12
68 4
21 1
19 16
74 13
0 14
65 19
91 14
57 3
59 18
92 8
56 13
79 4
77 9
41 10
9 16
6 19
2 5
43 15
98 9
35 5
55 17
62 13
19 13
64 11
81 8
75 13
87 6
71 6
16 5
15 4
14 4
76 0
63 14
42 8
82 10
64 4
43 12
26 7
58 17
1 11
0 0
16 1
2 1
36 1
70 14
9 10
89 13
36 6
1 9
88 2
47 5
15 10
58 0
61 19
54 11
2 15
23 0
3 15
77 3
85 11
78 14
69 0
34 2
64 17
29 4
8 12
98 9
31 10
10 6
17 18
27 12
0 11
18 10
68 16
29 10
42 16
7 18
11 14
68 4
43 4
88 10
16 13
97 12
87 8
35 7
42 14
1 17
74 3
39 18
7 0
11 6
72 1
46 9
80 12
35 2
39 2
15 16
1 3
58 12
71 6
14 14
78 19
36 11
51 7
25 19
90 19
52 1
28 11
43 9
83 17
76 2
63 14
20 11
77 15
74 12
67 12
37 17
21 3
56 8
33 11
79 13
9 0
65 2
60 2
52 8
50 14
61 12
9 12
22 14
32 10
51 5
42 19
4 15
21 0
3 9
52 2
97 12
48 0
1 8
89 19
26 2
38 4
29 10
63 7
60 19
93 2
8 12
52 8
14 9
31 12
71 7
40 5
20 1
99 5
1 16
39 5
79 18
16 12
62 11
39 13
50 5
0 1
36 18
99 9
2 9
32 5
65 8
77 14
62 13
25 3
13 17
14 8
68 4
86 4
6 10
37 3
37 0
31 13
98 14
12 18
44 8
65 3
40 4
24 14
4 2
74 14
93 1
87 3
5 8
34 9
26 11
51 11
67 1
22 14
30 18
47 7
75 11
25 9
17 19
82 15
12 19
84 4
60 5
13 3
69 2
39 0
68 15
84 9
9 0
56 1
82 10
46 15
19 9
24 9
61 17
39 9
70 6
97 10
44 0
97 17
21 14
62 13
37 11
86 18
61 0
42 10
45 15
30 6
44 3
0 7
62 3
56 12
15 12
10 4
45 18
1 5
34 2
55 9
23 4
31 18
57 10
14 8
85 14
47 14
12 12
77 6
69 7
41 19
17 5
3 12
63 9
79 12
90 11
73 12
69 19
57 11
45 7
88 9
40 2
66 16
43 4
47 10
42 9
47 2
18 9
16 6
84 13
59 6
58 7
40 14
4 4
75 2
48 13
75 7
15 6
70 17
33 12
37 9
93 8
86 3
45 10
37 10
53 1
92 11
7 14
91 18
45 1
93 1
48 13
9 2
70 4
48 5
65 3
46 17
21 18
42 0
31 8
19 18
16 18
16 6
82 15
36 8
54 3
42 9
98 6
87 16
1 9
11 14
77 17
90 15
12 9
43 18
89 7
64 2
72 18
27 7
31 3
6 17
9 5
55 2
46 1
44 16
34 12
34 8
20 8
94 13
79 16
97 10
9 17
51 17
78 16
40 6
70 11
66 18
37 17
21 9
85 8
88 3
84 9
29 12
6 12
79 8
91 0
79 1
71 17
47 6
32 10
89 8
76 12
20 12
55 17
46 4
29 14
97 15
86 5
7 15
11 13
70 1
69 4
63 7
23 15
12 19
36 15
93 19
44 18
18 4
60 15
37 1
68 5
37 3
98 15
67 1
43 8
67 12
90 5
5 4
52 16
12 13
21 15
23 9
60 0
4 2
24 6
36 4
27 19
57 6
3 15
11 19
91 17
84 7
37 0
25 13
86 3
44 12
18 10
19 11
43 5
5 17
6 19
86 2
77 16
7 6
85 2
29 5
93 8
34 10
17 15
71 19
44 2
50 18
72 6
67 6
42 9
26 5
86 0
42 5
1 0
49 5
7 4
85 2
1 8
39 8
29 0
86 14
76 2
95 6
31 6
1 4
16 10
85 4
47 1
18 17
96 19
33 1
30 18
16 16
63 14
24 2
69 11
63 2
28 0
38 15
96 19
75 6
26 3
66 11
38 10
35 13
59 7
77 13
36 11
79 12
61 19
13 10
73 14
56 0
32 10
79 6
82 12
67 5
38 7
71 18
15 18
0 18
97 10
32 1
88 7
94 12
2 13
79 0
8 2
85 5
76 8
10 14
65 5
79 0
2 8
60 14
73 16
23 2
76 7
80 5
89 14
99 6
70 3
75 19
76 4
95 14
37 8
80 1
96 19
35 6
73 15
83 13
17 11
67 18
7 16
44 6
75 17
30 15
63 19
66 12
18 0
98 9
91 13
43 19
43 17
39 17
6 5
19 13
73 4
8 6
17 10
52 4
24 8
84 12
5 3
38 6
56 8
99 8
12 19
76 16
62 16
48 11
61 16
79 14
15 18
47 6
40 7
66 6
22 10
52 10
50 6
1 14
82 13
75 15
8 4
20 10
63 13
33 11
76 4
13 16
76 2
17 1
18 0
55 6
29 2
13 16
28 10
82 2
39 0
22 2
38 15
24 0
88 2
81 2
72 19
46 7
52 9
74 4
75 7
54 4
67 7
90 15
5 5
75 10
63 1
28 5
45 1
42 19
32 0
64 10
57 5
37 11
91 0
18 12
44 15
61 9
3 19
69 12
50 11
18 3
71 14
86 6
12 7
80 19
7 7
99 6
48 10
68 16
21 2
2 1
82 18
69 4
72 19
63 14
73 4
11 19
41 3
52 8
14 5
47 1
10 13
66 10
38 12
82 6
76 13
77 0
34 13
2 5
32 7
73 9
28 3
47 16
22 14
53 2
88 0
54 12
19 11
89 5
26 10
71 2
29 9
32 5
78 3
99 10
21 17
28 11
42 7
15 9
24 5
98 9
74 10
81 18
27 2
78 6
61 15
31 17
71 2
27 8
49 2
89 10
27 2
71 12
59 19
37 9
77 7
62 19
82 14
42 8
20 17
74 10
5 6
84 6
78 18
79 5
12 13
90 14
51 2
59 3
90 8
66 7
46 18
59 0
78 9
18 4
37 3
41 9
20 6
43 19
91 13
20 12
81 11
42 4
89 14
1 6
0 2
62 11
38 12
15 16
74 2
81 15
53 12
59 19
6 18
99 3
1 4
55 10
60 0
23 16
95 8
72 8
40 13
23 11
76 7
89 1
0 17
65 8
97 9
88 14
41 18
83 7
60 18
73 2
13 7
72 7
34 17
90 1
19 8
16 18
81 11
18 8
51 0
82 8
57 17
31 5
36 19
34 15
85 14
19 3
84 1
71 6
84 15
98 7
46 1
89 0
27 1
44 1
96 2
35 7
53 8
64 1
46 13
84 0
42 4
71 2
41 13
73 1
40 5
22 19
89 17
72 16
52 11
35 10
50 7
97 9
67 17
0 10
30 2
2 2
0 13
21 4
24 1
11 3
18 9
11 5
35 9
64 15
10 8
56 10
82 17
71 13
65 12
34 0
44 3
24 6
57 18
31 0
43 4
88 2
85 6
45 6
33 0
41 17
27 2
21 12
30 7
91 11
91 18
49 7
79 13
23 12
72 19
15 11
30 2
41 9
31 2
3 11
31 2
70 13
84 12
13 1
59 8
0 16
93 10
26 5
83 10
7 6
68 4
0 18
81 0
4 8
0 16
29 9
42 3
22 11
68 11
20 16
95 13
92 13
88 17
97 2
95 5
9 18
8 6
62 2
66 0
90 8
95 7
9 15
42 13
1 12
92 5
4 15
54 1
61 14
90 9
54 16
45 3
76 11
26 14
4 15
49 1
52 9
97 2
10 13
87 1
89 2
51 0
55 1
16 11
50 7
43 15
39 14
57 10
75 1
52 2
64 2
34 3
2 1
73 18
99 17
95 5
32 1
1 13
14 12
26 2
16 0
59 15
20 9
30 7
44 6
22 16
53 9
57 5
83 3
43 6
57 11
51 14
52 12
47 0
31 9
52 13
45 19
89 5
21 8
84 7
68 6
10 3
50 0
64 1
85 17
92 2
99 4
62 13
33 8
32 10
35 12
33 4
51 9
90 8
94 2
70 18
92 1
65 17
2 17
69 11
99 10
93 9
28 15
99 8
97 18
77 19
84 17
94 13
47 0
42 2
84 10
64 8
34 17
99 19
91 15
47 2
79 13
69 11
16 1
48 8
49 1
59 10
74 13
21 3
69 19
52 14
30 8
39 6
68 4
86 11
17 7
59 10
72 7
71 19
96 18
11 15
32 1
89 3
96 9
16 7
19 9
42 12
62 10
68 0
45 3
4 8
75 3
21 8
37 19
40 12
65 4
41 1
71 14
94 7
19 0
63 1
80 10
62 6
96 1
14 11
64 7
27 7
97 5
86 12
99 3
18 17
52 15
98 19
98 19
97 14
23 2
20 3
68 19
16 18
37 9
86 16
59 13
47 14
37 2
78 0
89 14
27 12
64 11
3 15
19 18
7 11
93 5
90 15
32 5
0 15
2 19
86 13
13 6
32 7
96 17
16 12
17 17
78 10
86 14
92 6
63 6
42 11
35 2
2 13
80 11
45 12
74 13
33 18
25 1
9 13
56 15
4 13
74 2
95 1
24 15
97 7
60 7
18 7
35 14
73 13
22 3
20 0
40 18
48 12
92 14
60 7
75 17
95 2
6 5
62 18
82 13
24 18
5 1
16 14
84 16
15 8
44 7
88 3
63 2
77 6
57 12
97 10
96 6
68 7
68 10
63 11
31 14
55 18
26 14
84 2
41 7
71 16
5 13
77 12
73 0
20 8
1 19
77 13
22 5
21 5
63 19
56 1
88 11
59 12
78 7
51 17
90 17
88 18
97 2
7 3
45 7
96 13
47 4
31 10
25 6
82 18
83 13
87 12
98 9
18 3
94 7
58 17
48 16
62 7
49 10
99 1
51 14
43 5
55 0
48 12
47 14
32 9
27 18
35 13
92 5
25 18
99 1
65 11
6 13
15 3
8 19
89 9
90 11
16 6
91 5
95 11
69 0
0 7
13 5
32 14
32 6
26 0
85 3
4 12
99 16
23 0
73 2
13 0
60 16
68 18
43 16
12 11
84 13
15 8
34 9
42 3
6 19
17 15
95 1
41 10
52 19
69 17
92 5
59 2
31 10
90 19
21 11
64 19
57 12
80 2
33 18
80 7
54 9
81 13
56 7
44 8
96 5
86 17
22 7
62 18
52 11
94 10
64 0
80 3
22 18
6 16
98 10
79 3
66 2
70 18
53 0
84 2
22 17
59 13
17 13
87 4
75 4
15 0
56 16
21 10
92 16
92 11
7 14
87 11
94 8
10 4
60 4
14 12
85 4
60 11
90 19
40 8
37 13
36 14
0 1
28 9
6 0
91 14
67 18
16 2
72 10
15 13
27 18
40 10
78 1
46 18
21 12
31 8
60 19
57 11
6 9
34 17
28 7
72 18
76 16
4 7
40 5
90 10
19 8
75 9
24 18
15 15
87 19
37 13
90 19
20 0
43 16
88 1
82 1
53 10
71 2
28 15
25 4
31 8
10 17
85 10
29 10
38 16
57 15
91 2
64 8
93 8
22 8
40 16
92 18
25 0
58 0
1 13
46 10
37 4
69 2
20 11
95 14
87 9
85 7
89 16
39 19
60 9
66 9
80 6
55 2
64 0
21 12
82 17
13 4
41 19
92 2
62 17
65 15
26 16
28 14
95 0
54 19
49 5
23 7
61 14
58 11
99 15
50 6
20 0
73 14
50 1
37 14
34 15
83 17
8 19
45 12
62 16
70 0
45 9
93 17
57 18
14 4
17 2
67 6
93 0
91 16
51 5
93 13
58 2
51 4
8 4
76 19
27 15
9 19
7 3
9 16
82 6
66 3
96 5
28 14
23 8
44 9
76 2
49 2
96 13
62 16
40 17
74 15
93 14
62 10
93 14
46 2
31 11
51 16
78 13
59 16
79 12
49 9
51 10
27 8
81 8
69 13
31 18
71 0
36 1
99 12
73 2
14 8
2 9
20 7
50 16
10 12
21 8
89 7
20 3
65 16
0 9
67 14
15 1
18 2
57 12
42 11
21 16
66 8
7 11
88 17
80 7
18 10
94 7
42 14
82 5
70 10
45 16
50 17
5 16
75 9
87 5
76 0
61 9
58 18
75 17
29 1
70 2
37 18
69 10
52 1
88 7
50 5
65 4
96 11
70 12
87 11
83 11
48 4
5 2
30 6
53 3
44 13
2 5
60 4
44 7
49 4
27 12
20 1
65 19
98 7
43 16
89 11
93 18
31 18
31 13
35 5
78 18
19 1
73 8
93 7
34 2
71 10
49 11
12 15
32 7
38 18
34 9
3 2
98 3
83 5
66 5
55 17
84 1
5 15
72 17
31 8
60 8
71 13
61 3
1 9
94 11
38 12
37 19
0 18
15 2
83 18
81 19
70 7
77 4
77 5
9 16
94 0
28 4
72 8
23 5
0 12
88 5
25 12
51 5
24 8
29 0
77 16
35 8
63 14
45 5
58 17
30 1
51 11
89 2
5 3
47 2
12 12
74 9
95 16
53 14
84 0
21 18
60 18
83 2
9 8
88 19
13 14
15 2
40 11
16 15
44 9
15 19
60 7
94 11
84 19
47 4
50 10
11 19
59 12
93 17
40 14
12 11
62 6
78 10
80 19
45 4
63 12
99 17
22 14
8 4
24 11
73 16
77 1
65 16
81 19
53 9
89 6
51 16
76 13
96 12
21 8
54 3
93 19
1 18
68 9
33 11
97 12
6 5
58 12
