899 4
817 69
317 15
122 13
517 32
355 4
229 17
234 18
194 9
645 45
397 37
670 48
692 9
936 33
664 59
452 43
695 28
444 3
487 27
301 4
184 5
258 21
971 21
934 30
799 61
516 27
640 9
235 9
350 20
149 10
521 21
578 42
824 38
126 15
437 4
212 23
832 33
887 74
763 27
969 3
449 6
708 16
673 14
372 10
116 12
886 60
976 67
650 12
487 37
109 11
952 13
498 13
593 27
688 46
204 22
869 3
244 4
593 25
574 32
842 44
387 21
176 3
294 4
162 2
504 14
607 7
446 21
342 11
388 33
398 9
637 10
996 81
845 26
699 32
503 27
110 3
371 13
203 15
862 60
295 13
490 5
823 5
857 56
825 56
993 54
739 9
439 14
460 8
425 28
705 14
650 9
720 4
799 21
535 1
190 21
128 14
634 19
413 2
914 76
737 63
411 8
638 41
365 13
985 14
259 22
568 46
403 25
831 46
213 7
917 58
145 7
832 54
847 24
271 12
485 40
822 13
487 23
597 3
560 43
492 17
321 32
577 8
298 7
881 10
723 13
663 59
793 11
549 41
