41
18.467000 6.334000
26.500000 19.169000
15.724000 11.478000
29.358000 26.962000
24.464000 5.705000
28.145000 23.281000
16.827000 9.961000
0.491000 2.995000
11.942000 4.827000
5.436000 32.391000
14.604000 3.902000
0.153000 0.292000
12.382000 17.421000
18.716000 19.718000
19.895000 5.447000
21.726000 14.771000
11.538000 1.869000
19.912000 25.667000
26.299000 17.035000
9.894000 28.703000
23.811000 31.322000
30.333000 17.673000
4.664000 15.141000
7.711000 28.253000
6.868000 25.547000
27.644000 32.662000
32.757000 20.037000
12.859000 8.723000
9.741000 27.529000
0.778000 12.316000
3.035000 22.190000
1.842000 0.288000
30.106000 9.040000
8.942000 19.264000
22.648000 27.446000
23.805000 15.890000
6.729000 24.370000
15.350000 15.006000
31.101000 24.393000
3.548000 19.629000
12.623000 24.084000
4
18.756000 11.840000
4.966000 7.376000
13.931000 26.308000
16.944000 32.439000
26
11.323000 5.537000
21.538000 16.118000
2.082000 22.929000
16.541000 4.833000
31.115000 4.639000
29.658000 22.704000
9.930000 13.977000
2.306000 31.673000
22.386000 5.021000
28.745000 26.924000
19.072000 6.270000
5.829000 26.777000
15.573000 5.097000
16.512000 23.986000
13.290000 9.161000
18.636000 22.355000
24.767000 23.655000
15.574000 4.031000
12.052000 27.350000
1.150000 16.941000
21.724000 13.966000
3.430000 31.107000
30.191000 18.007000
11.337000 15.457000
12.287000 27.753000
10.383000 14.945000
9
32.209000 9.758000
24.221000 18.588000
6.422000 24.946000
27.506000 13.030000
16.413000 29.168000
0.900000 32.591000
18.762000 1.655000
17.410000 6.359000
27.624000 20.537000
48
6.483000 27.595000
4.041000 3.602000
24.350000 10.291000
30.836000 9.374000
11.020000 4.596000
24.021000 27.348000
23.199000 19.668000
24.484000 8.281000
4.734000 0.053000
1.999000 26.418000
27.938000 6.900000
3.788000 18.127000
0.467000 3.728000
14.893000 24.648000
22.483000 17.807000
2.421000 14.310000
6.617000 22.813000
9.514000 14.309000
7.616000 18.935000
17.451000 20.600000
5.249000 16.519000
31.556000 22.798000
30.303000 6.224000
11.008000 5.844000
32.609000 14.989000
32.702000 3.195000
20.485000 3.093000
14.343000 30.523000
1.587000 29.314000
9.503000 7.448000
25.200000 13.458000
6.618000 20.580000
19.796000 14.798000
15.281000 19.589000
20.798000 28.009000
27.157000 20.472000
23.622000 18.538000
12.292000 6.038000
24.179000 18.190000
29.657000 7.958000
6.191000 19.815000
22.888000 19.156000
11.511000 16.202000
2.634000 24.272000
20.055000 20.328000
22.646000 26.362000
4.886000 18.875000
28.433000 29.869000
42
23.844000 1.416000
21.881000 31.998000
10.322000 18.651000
10.021000 5.699000
3.557000 28.476000
27.892000 24.389000
5.075000 10.712000
2.600000 2.510000
21.003000 26.869000
17.861000 14.688000
13.401000 9.789000
15.255000 16.423000
5.002000 10.585000
24.182000 10.285000
27.088000 31.426000
28.617000 23.757000
9.832000 30.932000
4.169000 2.154000
25.721000 17.189000
19.976000 31.329000
2.368000 28.692000
21.425000 10.555000
3.434000 16.549000
7.441000 9.512000
30.145000 18.060000
21.718000 3.753000
16.139000 12.423000
16.279000 25.996000
16.687000 12.529000
22.549000 17.437000
19.866000 12.949000
0.193000 23.195000
3.297000 20.416000
28.286000 16.105000
24.488000 16.282000
12.455000 25.734000
18.114000 11.701000
31.316000 20.671000
5.786000 12.263000
4.313000 24.355000
31.185000 20.053000
0.912000 10.808000
32
20.945000 4.313000
27.756000 28.321000
19.558000 23.646000
27.982000 0.481000
4.144000 23.196000
20.222000 7.129000
2.161000 5.535000
20.450000 11.173000
10.466000 12.044000
21.659000 26.292000
26.439000 17.253000
20.024000 26.154000
29.510000 4.745000
20.649000 13.186000
8.313000 4.474000
28.022000 2.168000
14.018000 18.787000
9.905000 17.958000
7.391000 10.202000
3.625000 26.477000
4.414000 9.314000
25.824000 29.334000
25.874000 24.372000
20.159000 11.833000
28.070000 7.487000
28.297000 7.518000
8.177000 17.773000
32.270000 1.763000
2.668000 17.192000
13.985000 3.102000
8.480000 29.213000
7.627000 4.802000
49
30.527000 2.625000
1.543000 1.924000
11.023000 29.972000
13.061000 14.181000
31.003000 27.432000
17.505000 27.593000
22.725000 13.031000
8.492000 0.142000
17.222000 31.286000
13.064000 7.900000
19.187000 8.360000
22.413000 30.974000
14.270000 29.170000
0.235000 30.833000
19.711000 25.760000
18.896000 4.667000
7.285000 12.550000
0.140000 13.694000
2.695000 21.624000
28.019000 2.125000
26.576000 21.694000
22.658000 26.302000
17.371000 22.466000
4.678000 22.593000
23.851000 25.484000
1.018000 28.464000
21.119000 23.152000
2.800000 18.087000
31.060000 1.926000
9.010000 4.757000
32.170000 20.315000
9.576000 30.227000
12.043000 22.758000
7.164000 5.109000
7.882000 17.086000
29.565000 3.487000
29.577000 14.474000
2.625000 25.627000
5.629000 31.928000
25.423000 28.520000
6.902000 14.962000
0.123000 24.596000
3.737000 13.261000
10.195000 32.525000
1.264000 8.260000
6.202000 8.116000
5.030000 20.326000
29.011000 30.771000
6.411000 25.547000
3
21.520000 29.790000
14.924000 30.188000
21.763000 4.940000
1
18.662000 13.829000
13
18.958000 17.578000
8.365000 13.007000
11.477000 1.200000
26.058000 6.439000
2.303000 12.760000
19.357000 2.324000
6.477000 5.108000
21.113000 14.887000
19.801000 22.850000
14.460000 22.428000
12.993000 27.384000
19.405000 6.540000
31.111000 28.704000
35
32.356000 6.072000
29.350000 18.823000
14.485000 20.556000
23.216000 1.626000
9.357000 8.526000
13.357000 29.337000
23.271000 23.869000
29.361000 12.896000
13.022000 29.617000
10.112000 12.717000
18.696000 11.585000
24.041000 24.423000
24.129000 24.229000
4.565000 6.559000
8.932000 22.296000
29.855000 12.053000
16.962000 3.584000
29.734000 6.654000
16.972000 21.457000
14.369000 22.532000
2.963000 2.607000
2.483000 0.911000
11.635000 10.067000
22.848000 4.675000
12.938000 2.223000
22.142000 23.754000
6.511000 22.741000
20.175000 21.459000
17.825000 3.221000
17.870000 1.626000
31.934000 15.205000
31.783000 23.850000
17.398000 22.279000
22.701000 12.193000
12.734000 1.637000
34
5.556000 1.993000
10.176000 25.705000
6.962000 10.548000
15.881000 0.300000
14.413000 16.641000
19.855000 24.855000
13.142000 11.462000
27.611000 30.877000
20.424000 32.678000
1.752000 18.443000
28.296000 12.673000
10.040000 9.313000
0.875000 20.072000
12.818000 0.610000
1.017000 14.932000
28.112000 30.695000
13.169000 23.831000
20.040000 26.488000
28.685000 19.090000
19.497000 2.589000
25.990000 15.145000
19.353000 19.314000
18.651000 26.740000
22.044000 11.258000
0.335000 8.759000
11.192000 7.605000
25.264000 12.181000
28.503000 3.829000
23.775000 20.608000
29.292000 5.997000
17.549000 29.556000
25.561000 31.627000
6.467000 29.541000
26.129000 31.240000
13
29.174000 20.601000
6.077000 20.215000
8.683000 8.213000
23.992000 25.824000
5.601000 23.392000
15.759000 2.670000
26.428000 28.027000
4.084000 10.075000
18.786000 15.498000
24.970000 6.287000
23.847000 32.604000
0.503000 21.221000
22.663000 5.706000
13
9.010000 22.171000
27.489000 18.240000
12.164000 25.542000
7.619000 20.913000
7.591000 6.704000
31.818000 9.232000
0.750000 25.205000
4.975000 1.539000
0.303000 11.422000
21.098000 11.247000
13.584000 13.648000
2.971000 17.864000
22.913000 11.075000
45
28.712000 17.546000
18.678000 1.769000
15.262000 8.519000
13.985000 28.289000
15.944000 2.865000
18.540000 23.245000
25.508000 28.318000
27.870000 9.601000
28.323000 21.132000
24.472000 27.152000
25.087000 28.570000
29.763000 29.901000
17.103000 14.423000
3.527000 11.600000
26.969000 14.015000
5.565000 0.028000
21.543000 25.347000
2.088000 2.943000
12.637000 22.409000
26.463000 5.049000
4.681000 1.588000
11.342000 0.608000
32.060000 21.221000
1.758000 29.954000
20.888000 14.146000
0.690000 7.949000
12.843000 21.430000
25.620000 0.748000
27.067000 4.536000
20.783000 18.035000
32.226000 15.185000
7.038000 9.853000
25.629000 11.224000
15.748000 19.923000
3.359000 32.257000
24.766000 4.944000
14.955000 23.318000
32.726000 25.411000
21.025000 20.355000
31.001000 22.549000
9.496000 18.584000
9.515000 17.964000
23.342000 8.075000
17.913000 16.142000
31.196000 21.948000
22
20.426000 14.606000
26.173000 24.429000
32.404000 6.705000
20.626000 29.812000
19.375000 30.093000
16.565000 16.036000
14.736000 29.141000
30.814000 5.994000
8.256000 6.652000
23.936000 30.838000
20.482000 1.355000
21.015000 1.131000
18.230000 17.841000
14.625000 2.011000
32.637000 4.186000
19.690000 1.650000
5.662000 21.634000
10.893000 10.353000
21.416000 13.452000
14.008000 7.262000
22.233000 5.454000
16.303000 16.634000
3
14.256000 0.148000
11.124000 12.317000
4.213000 27.109000
28
29.200000 21.080000
21.318000 16.858000
24.050000 24.155000
31.361000 15.264000
11.903000 3.676000
29.643000 26.909000
14.902000 3.561000
28.489000 24.948000
1.282000 13.653000
30.674000 2.220000
5.402000 6.923000
3.831000 19.369000
3.878000 20.259000
19.008000 22.619000
23.971000 30.003000
21.945000 9.781000
26.504000 12.392000
32.685000 25.313000
6.698000 5.589000
12.722000 5.938000
19.037000 6.410000
31.461000 6.234000
12.508000 9.961000
3.959000 6.493000
1.515000 25.269000
24.937000 28.869000
0.058000 14.700000
13.971000 26.264000
0
