18
48 8 11
17 41 35
15 3 9
34 5 28
18 4 30
34 22 11
30 47 30
13 18 25
3 46 2
38 40 7
47 2 34
37 36 32
41 45 50
47 24 14
3 3 49
24 13 18
22 45 4
39 19 33
27
49 36 22
36 27 28
32 29 14
21 16 47
13 12 46
10 35 11
14 40 11
39 4 28
10 48 31
50 19 15
38 40 11
14 20 10
44 33 47
10 29 31
21 26 1
8 36 15
49 48 26
2 25 39
50 8 27
20 24 38
11 35 38
30 46 27
14 42 42
44 22 36
19 24 45
6 39 17
3 14 26
14
28 30 3
27 39 31
48 12 19
8 46 8
38 43 34
3 35 27
47 6 12
17 30 6
25 20 25
29 33 2
8 37 26
48 18 3
10 38 31
7 45 28
25
24 50 30
27 34 6
25 41 20
41 22 25
15 41 1
44 24 3
3 12 30
1 31 32
12 18 14
18 14 41
19 45 27
2 3 3
45 22 31
16 48 5
7 49 45
32 3 12
43 32 7
26 15 9
43 28 11
9 20 22
3 48 42
5 50 10
26 30 14
26 36 8
24 31 23
21
12 28 44
7 9 50
32 25 10
24 4 21
32 23 44
37 22 35
43 24 47
19 3 10
44 39 19
19 21 41
48 16 24
8 15 35
32 24 41
35 46 24
9 42 48
30 28 31
3 24 19
8 35 12
48 3 32
20 46 27
35 19 47
14
1 1 5
34 24 48
18 22 21
28 13 20
7 42 3
12 16 21
21 2 34
20 5 15
39 2 41
25 22 37
25 26 32
50 25 32
23 46 15
35 17 34
21
20 29 19
31 44 42
3 47 25
22 1 40
12 4 32
36 27 19
12 3 2
13 29 34
36 24 50
22 43 34
50 11 44
45 2 15
42 29 47
44 18 49
48 49 22
24 19 33
28 21 20
7 6 33
32 5 46
24 38 31
37 34 2
2
46 40 50
37 18 47
25
19 31 37
1 30 36
23 5 6
7 33 28
2 41 33
32 24 40
36 50 27
39 36 12
34 27 12
23 45 8
5 31 4
34 18 22
40 26 25
22 3 49
14 38 5
38 27 9
37 5 40
24 19 27
2 30 15
48 39 1
31 44 23
48 18 29
25 44 14
28 42 3
17 48 27
30
27 43 6
15 47 48
40 15 24
42 46 39
39 36 41
19 30 15
19 49 43
43 42 8
22 35 10
38 32 36
32 38 28
29 35 6
45 10 21
41 50 12
28 40 3
9 4 44
7 48 14
48 5 32
32 17 27
16 4 50
3 31 40
39 37 21
50 9 1
50 20 48
39 25 40
45 20 17
42 33 26
49 17 32
15 45 32
18 44 15
20
34 1 35
24 39 8
24 47 10
23 18 7
13 44 46
7 13 13
1 46 40
49 14 23
13 8 4
32 3 21
34 38 50
22 45 36
20 6 9
38 13 32
31 8 6
46 22 19
43 11 25
6 34 27
15 39 25
17 9 39
3
6 6 11
28 2 46
47 8 6
28
45 36 20
13 19 29
40 16 1
16 8 13
43 15 48
31 29 39
3 45 47
11 3 7
40 4 4
38 11 10
24 30 49
44 9 43
9 11 6
16 25 47
32 25 12
10 13 4
6 9 37
8 18 41
12 21 1
22 32 40
4 30 28
14 23 3
24 30 46
50 26 6
24 39 23
36 43 4
47 31 13
14 21 20
20
43 36 24
14 18 13
19 49 42
32 23 46
7 2 41
7 27 46
30 16 20
18 10 23
14 42 37
27 12 7
14 35 38
33 50 30
32 43 45
4 39 14
8 31 45
36 29 2
1 48 8
12 21 39
3 9 6
17 17 19
7
13 3 4
45 2 33
28 47 28
34 37 41
41 17 37
26 47 38
29 45 47
6
43 40 17
12 45 27
10 11 44
22 13 47
17 17 32
46 13 11
23
39 29 49
29 21 17
25 47 14
12 25 10
5 16 28
16 12 4
25 24 49
49 37 46
17 5 29
12 19 39
41 17 41
11 35 29
9 50 7
35 11 34
3 38 45
14 44 49
38 42 16
26 39 43
30 17 41
48 5 7
16 45 20
2 26 10
2 34 23
3
20 14 17
22 4 14
37 47 12
10
22 26 40
14 1 29
22 32 47
41 31 2
3 48 48
27 50 25
9 3 9
28 16 27
1 19 42
38 17 6
5
8 13 7
21 16 37
42 49 35
32 30 38
34 27 36
22
22 10 28
1 21 30
42 48 48
47 1 16
33 38 33
40 2 41
12 19 29
3 18 13
37 49 1
22 27 38
34 5 49
4 36 23
3 33 23
3 49 16
42 33 13
44 25 47
12 3 37
29 15 48
29 17 3
6 4 41
10 5 12
45 27 47
22
5 30 1
9 30 16
1 12 30
46 38 27
7 40 13
38 6 12
16 25 16
21 28 6
32 34 20
29 12 18
8 14 20
37 30 26
50 9 34
39 37 36
28 49 31
35 13 40
9 30 29
39 38 46
24 7 17
36 26 50
49 45 28
30 20 37
15
26 41 6
14 27 43
43 28 24
28 42 15
38 21 43
28 8 38
2 16 6
39 42 8
39 36 37
19 8 24
11 15 50
37 7 26
16 32 41
7 46 34
28 40 13
22
30 35 30
31 1 37
19 44 44
7 31 31
27 38 6
37 2 7
26 9 32
41 40 25
48 38 10
27 27 24
11 8 25
13 45 4
6 38 36
37 20 4
26 27 13
30 34 41
40 17 30
31 41 5
18 50 47
47 25 46
4 50 22
50 5 35
29
7 38 41
45 9 46
20 36 10
1 19 1
40 35 32
21 26 38
40 27 34
36 4 32
42 3 3
41 7 39
30 47 38
39 45 46
26 4 40
44 6 11
30 37 12
7 24 1
34 8 23
39 39 13
41 43 50
49 34 41
48 21 34
42 16 13
45 7 3
1 17 30
37 28 23
13 29 3
22 1 9
12 15 44
4 15 32
4
23 37 5
20 9 40
13 26 5
9 32 7
7
11 11 49
15 50 28
26 12 8
19 33 11
3 44 25
26 49 39
50 36 46
25
39 21 46
48 35 22
36 44 5
48 4 5
13 3 33
38 14 40
8 46 50
10 41 27
38 40 15
39 27 12
10 22 47
44 45 37
39 2 36
43 6 21
47 40 19
13 30 33
8 31 20
1 7 27
40 24 37
16 35 26
37 33 14
34 20 25
35 5 21
42 28 11
32 48 3
2
14 13 30
23 45 49
7
15 23 2
40 12 27
6 29 11
32 18 44
2 1 15
13 37 21
17 28 48
7
26 20 9
26 33 23
3 6 18
17 30 21
9 44 47
14 22 9
45 39 2
8
39 49 41
38 13 27
35 29 5
10 49 15
38 33 40
40 38 7
6 20 29
14 13 25
23
37 29 34
4 24 25
42 24 15
30 36 42
16 16 48
25 16 14
14 49 3
3 38 11
11 7 39
26 21 15
5 5 50
30 29 38
3 43 41
40 36 35
7 35 16
23 49 31
23 3 7
10 16 21
19 6 25
39 21 35
45 22 11
25 9 17
20 1 48
2
41 5 35
47 40 2
12
41 21 40
11 43 42
35 3 9
22 23 15
34 13 37
50 8 8
47 32 16
48 1 16
40 8 3
38 49 4
9 38 38
1 31 28
18
24 5 40
47 27 4
30 40 40
29 49 49
27 32 14
26 33 31
15 42 35
3 40 39
13 27 26
13 9 5
18 48 42
46 3 17
37 44 14
35 42 43
19 7 24
3 40 2
44 24 28
33 14 44
6
8 11 41
23 19 45
42 17 38
37 21 5
24 15 20
10 6 14
19
41 28 15
18 30 4
11 25 29
9 7 43
18 17 35
40 36 30
31 4 17
20 24 23
45 38 44
4 46 8
34 12 46
15 17 38
40 45 5
48 39 18
15 24 26
2 5 43
5 23 35
30 46 17
18 41 36
30
36 15 50
21 26 48
37 42 35
28 38 40
26 27 7
42 2 34
45 6 28
49 28 12
30 25 29
47 16 16
13 15 48
38 12 33
29 49 5
17 38 41
45 46 19
46 31 46
3 8 39
30 20 33
7 50 33
24 17 12
38 14 11
2 48 23
2 2 11
39 45 41
36 15 9
16 10 3
25 48 50
44 32 4
45 14 36
14 25 42
25
4 27 35
7 27 8
8 28 20
48 24 10
35 38 21
2 49 25
27 48 27
22 29 30
17 42 15
32 19 8
8 5 22
34 14 28
14 33 36
39 45 44
27 15 43
25 41 28
23 17 29
1 47 7
45 11 29
13 21 47
19 44 28
33 21 37
17 7 23
13 2 36
29 44 24
12
29 20 23
1 36 4
3 34 10
49 47 38
13 17 36
32 10 13
16 31 50
32 39 22
47 42 9
25 37 34
44 10 36
32 15 16
26
20 15 26
21 11 16
33 27 1
14 39 14
31 19 15
13 9 36
11 50 46
35 36 29
29 47 16
10 13 31
26 39 48
37 4 20
15 6 40
3 19 22
23 35 38
33 20 18
32 17 32
20 46 42
18 13 27
31 44 7
21 43 18
26 12 43
31 1 31
50 25 48
36 12 50
6 31 25
27
41 22 13
10 19 6
29 32 34
9 27 40
31 19 9
6 31 2
37 33 34
38 7 31
23 20 33
30 1 7
4 15 15
22 20 5
5 4 14
31 45 45
50 4 5
32 5 36
16 40 41
23 23 29
44 5 16
44 13 39
10 27 20
30 32 23
35 47 45
29 41 49
32 46 32
38 31 33
28 23 14
21
5 50 2
49 6 17
44 18 7
4 44 27
33 25 49
17 22 45
47 14 46
29 9 27
16 39 9
45 14 24
46 15 6
1 31 11
18 38 9
14 16 4
38 14 7
11 11 41
27 6 9
35 34 6
26 42 34
39 17 1
3 24 46
21
44 35 34
11 22 44
24 39 48
14 3 6
26 13 47
2 20 7
39 3 12
14 46 47
2 14 50
6 37 45
40 21 37
14 14 32
2 13 43
6 19 18
20 17 33
39 23 9
41 37 12
38 35 50
1 34 13
38 30 16
8 17 23
3
26 23 48
29 38 42
35 8 12
24
4 4 24
18 45 48
19 37 36
32 25 21
49 25 6
22 12 36
36 21 4
11 46 3
39 33 45
25 42 8
29 17 3
23 16 9
11 2 26
35 24 44
10 29 27
23 16 28
46 19 1
41 22 36
25 18 48
18 25 38
34 29 13
49 37 43
2 14 17
27 10 27
12
23 6 38
45 21 15
42 42 17
34 13 2
8 30 1
27 6 39
10 36 1
11 23 45
12 38 11
39 47 37
46 35 50
18 1 22
29
10 9 18
44 23 21
3 4 22
30 9 10
41 47 12
1 19 6
13 8 18
1 5 4
48 41 6
15 43 27
24 12 47
48 33 7
2 6 2
12 17 4
8 30 35
28 35 26
36 2 26
40 7 38
32 12 40
24 41 37
38 37 4
22 45 29
27 46 26
45 2 27
24 36 39
10 11 48
11 39 26
19 28 11
33 18 2
3
8 23 6
45 11 9
18 6 37
23
41 46 3
31 40 4
29 13 40
4 22 2
14 34 42
15 5 20
49 37 37
6 11 44
3 21 3
20 28 41
16 31 5
7 34 46
20 25 26
43 29 4
29 20 9
35 39 22
23 27 38
33 21 36
5 25 44
33 17 46
13 22 17
48 19 34
23 44 41
2
6 3 50
36 22 8
2
19 20 13
7 42 41
1
37 50 26
21
13 4 47
27 27 15
24 45 49
48 40 41
2 39 4
26 49 9
38 32 47
28 50 18
41 8 12
29 7 37
34 5 17
10 20 31
4 20 9
44 10 35
34 15 34
32 25 36
13 21 11
15 39 50
22 50 27
31 36 19
35 5 50
23
43 6 37
46 25 46
41 36 30
25 50 13
6 25 50
21 45 10
35 35 9
8 36 38
38 24 8
25 28 7
30 16 40
5 11 32
40 42 29
42 5 20
16 4 44
12 16 1
47 26 21
32 13 7
5 23 17
34 29 4
50 20 28
12 1 8
4 32 14
5
46 10 1
11 13 46
25 30 46
21 6 19
4 18 27
13
49 11 42
26 46 21
35 47 40
50 9 43
5 12 24
50 21 24
13 35 19
37 15 16
9 22 34
14 39 11
26 33 5
22 3 3
18 44 31
25
17 28 36
21 39 11
22 11 34
34 48 4
22 14 22
32 35 5
46 25 17
23 7 24
44 11 26
14 5 6
41 42 23
32 3 39
44 38 11
41 44 32
6 15 18
40 21 39
17 40 23
23 13 18
36 38 40
40 44 36
31 18 1
35 6 41
23 16 24
16 49 18
30 16 10
18
9 50 7
25 41 29
50 3 46
35 41 37
26 36 24
8 5 24
43 10 17
15 27 42
32 25 11
13 41 23
14 47 40
5 25 48
7 22 23
49 10 24
36 36 8
40 11 33
1 27 40
27 19 32
28
29 4 31
43 46 3
7 42 42
11 18 42
17 41 14
18 2 37
3 37 46
43 48 28
43 26 19
22 46 1
25 27 50
20 31 31
13 23 23
32 14 29
24 29 39
25 17 8
14 12 25
13 41 29
40 9 21
36 11 16
14 11 39
44 43 13
18 17 34
31 46 48
11 36 29
27 45 2
40 21 28
30 50 41
25
45 39 20
30 1 37
45 13 25
38 5 39
6 22 22
38 19 21
1 6 49
27 1 2
17 21 30
48 22 22
38 44 27
39 30 21
1 7 2
8 45 46
31 19 35
49 39 42
6 40 32
8 41 32
31 22 8
2 44 26
45 22 24
25 42 11
33 45 1
27 42 2
47 26 9
11
39 38 20
46 27 1
4 17 32
34 39 41
37 34 17
32 5 42
8 48 4
42 42 7
18 33 8
17 10 18
4 29 8
8
45 30 29
48 48 12
33 38 3
22 21 21
5 27 12
12 26 17
5 17 23
22 1 32
21
10 40 13
7 43 43
4 22 22
1 22 35
36 9 37
7 32 7
13 10 20
26 36 39
30 4 13
1 7 45
41 19 45
35 11 7
9 34 15
30 19 18
40 7 21
21 14 6
31 35 14
16 23 26
21 36 1
27 32 30
45 28 32
24
11 8 34
19 43 49
48 13 16
37 20 36
10 35 43
40 21 8
7 44 35
27 31 37
6 14 18
50 43 2
9 27 27
4 27 37
16 44 5
37 32 4
21 26 43
42 34 2
37 20 43
19 7 1
32 26 29
24 27 34
2 6 36
28 42 44
24 49 47
5 2 15
11
24 30 44
15 13 45
3 35 39
21 43 39
4 18 18
29 47 1
31 2 36
10 43 32
33 41 30
37 45 46
19 38 47
20
36 31 35
38 17 23
8 9 14
13 27 31
41 25 33
23 26 21
33 20 4
17 11 35
6 7 31
24 44 27
6 30 48
23 3 33
31 18 20
9 50 29
33 32 41
8 4 33
28 9 6
40 44 40
46 24 6
41 2 11
16
42 21 49
14 25 33
46 42 2
5 41 32
37 24 22
47 28 6
26 38 11
17 31 50
14 6 8
4 9 20
24 7 6
50 39 49
41 42 12
33 23 9
7 46 13
36 2 2
20
25 23 14
43 6 16
6 11 23
9 20 44
35 28 49
34 19 49
27 12 12
9 37 21
15 32 35
2 35 38
25 1 37
32 16 13
42 38 5
13 33 10
43 32 21
13 32 7
24 44 40
10 14 18
44 48 27
28 38 43
5
19 28 24
50 43 39
43 32 45
8 17 7
2 50 27
23
24 14 31
42 37 24
18 47 37
12 40 37
6 19 24
26 49 47
27 43 37
22 25 32
29 41 38
30 42 16
43 22 48
31 46 23
27 32 14
18 18 33
37 43 45
35 40 2
27 28 28
3 9 6
45 48 27
36 13 7
8 10 36
3 35 30
36 50 11
9
7 6 33
45 48 29
29 39 32
7 17 9
12 27 15
6 25 43
44 37 50
3 49 37
5 33 17
19
19 42 32
25 47 16
21 45 46
1 33 28
8 1 38
21 28 4
26 2 47
21 38 46
23 38 34
29 20 50
21 4 30
17 19 49
13 17 25
46 44 48
46 31 48
25 37 7
26 33 27
16 30 5
3 13 27
20
28 25 15
48 30 46
17 50 44
29 16 21
26 9 20
22 42 17
46 28 26
24 12 4
39 41 8
43 5 35
19 19 36
48 15 13
48 10 13
15 32 31
24 1 9
17 20 35
46 45 8
7 48 5
49 8 30
3 44 20
23
33 24 29
31 38 43
30 49 7
44 31 37
19 33 46
37 2 32
32 48 41
40 48 47
40 7 27
45 50 46
18 30 10
5 22 45
5 29 27
35 15 6
18 12 1
21 45 22
21 37 8
18 34 42
24 12 33
25 9 23
4 21 17
25 15 36
5 41 40
4
31 20 48
50 33 48
22 30 19
42 16 29
30
4 9 1
26 34 14
44 8 23
29 11 45
20 36 11
16 42 1
48 11 50
47 46 47
18 27 18
10 42 46
20 45 17
4 8 20
11 32 48
24 28 43
11 38 24
2 38 43
15 37 10
10 36 7
38 5 5
29 2 25
25 18 36
35 39 5
16 38 10
44 31 23
31 4 46
21 48 6
9 10 7
46 18 23
50 23 34
1 47 21
2
26 20 32
10 9 38
28
20 28 48
15 23 28
22 3 33
30 25 33
3 36 42
36 31 11
7 31 33
8 33 31
35 3 14
45 13 2
24 10 1
46 40 20
50 22 36
25 6 7
12 49 36
42 10 40
24 44 26
9 25 34
11 38 43
23 41 29
34 41 25
23 12 48
45 47 43
2 3 43
1 41 19
12 32 30
5 9 23
29 42 49
7
19 19 36
41 11 15
24 2 39
47 13 37
43 12 31
44 16 25
46 6 43
24
47 7 40
47 12 48
3 42 40
21 12 27
13 23 43
38 26 32
36 40 20
28 1 2
24 17 27
21 24 19
30 13 45
43 11 41
34 2 37
48 28 41
22 23 11
47 6 23
38 25 12
39 28 48
7 4 25
30 25 50
43 19 21
5 11 50
6 49 42
35 39 27
26
47 7 1
45 12 25
33 38 36
23 18 33
29 21 10
10 47 9
2 15 31
6 27 32
13 25 25
48 15 4
6 17 29
20 41 28
9 29 24
26 11 8
47 22 30
43 33 10
10 15 20
36 47 23
13 23 31
29 28 43
46 7 42
38 36 50
16 9 19
29 17 27
50 46 3
32 8 1
15
4 49 29
42 45 1
6 19 31
34 47 26
31 5 19
19 40 18
36 48 38
16 14 17
16 12 21
49 21 21
47 49 15
43 1 21
14 32 14
10 9 19
16 29 4
27
7 5 49
42 4 36
10 20 4
25 33 24
25 3 44
24 3 11
18 3 33
33 36 46
42 44 16
9 25 21
13 23 7
19 10 13
38 14 7
20 39 16
24 35 42
26 45 18
28 27 43
14 24 11
9 39 43
33 9 37
7 18 47
17 32 10
32 38 28
20 5 17
4 48 36
50 18 9
28 10 36
3
26 1 22
35 41 17
19 2 5
21
12 26 19
41 44 50
7 25 40
44 46 46
4 2 46
39 3 13
2 31 22
29 33 46
15 24 14
34 25 18
11 45 20
4 46 32
30 35 22
27 33 31
28 28 24
31 40 30
13 13 18
45 8 21
18 21 50
44 40 16
40 10 1
21
16 36 43
45 20 16
24 4 46
1 31 22
33 20 1
45 33 18
40 42 39
9 15 40
5 4 5
44 15 6
29 7 18
1 23 34
4 18 30
35 39 3
6 41 6
38 9 40
32 49 35
46 40 26
1 44 36
16 1 42
22 19 36
16
18 46 4
24 14 35
10 4 38
15 45 45
5 5 34
38 5 20
33 44 47
33 37 33
50 40 24
22 10 11
17 13 29
32 47 48
38 36 21
34 30 32
40 16 47
44 35 3
10
24 37 32
8 25 16
8 16 41
29 25 2
47 39 32
31 38 29
20 23 50
5 5 33
44 20 29
39 6 33
4
47 27 39
5 3 4
12 19 45
42 45 48
1
9 40 34
21
45 10 22
1 43 41
22 23 45
28 6 40
16 31 28
22 28 4
16 34 7
15 47 27
45 38 21
5 29 4
15 1 26
9 41 23
31 38 23
38 27 45
19 7 24
48 10 41
31 18 12
27 44 29
16 15 45
44 20 39
44 46 46
10
20 37 20
50 24 42
40 2 38
8 8 13
7 20 4
37 37 17
15 31 46
30 47 42
25 16 31
19 13 28
19
8 5 32
7 30 24
48 31 13
5 39 26
11 8 31
49 46 47
15 26 44
46 24 36
21 40 18
41 2 45
47 34 33
26 9 42
8 21 48
46 48 46
5 30 2
1 29 15
28 22 15
2 9 30
43 28 27
17
37 44 22
33 29 6
10 37 47
18 10 47
15 9 44
20 39 47
22 17 13
1 40 28
4 1 9
46 28 35
40 2 32
18 9 20
7 8 5
16 6 14
24 49 33
14 47 48
32 10 19
12
44 24 39
48 24 47
43 3 31
34 6 14
4 15 36
12 22 40
27 27 5
2 27 40
18 25 37
49 34 7
24 22 48
47 20 41
30
35 2 1
18 7 16
23 21 1
34 44 42
12 22 49
16 50 38
33 25 26
33 10 32
7 34 31
3 3 23
6 5 15
13 21 49
33 23 18
29 15 41
50 15 26
2 2 40
26 27 5
37 10 37
20 42 19
23 16 27
27 30 30
49 28 37
22 48 49
38 40 34
2 15 12
3 4 13
31 10 14
42 48 41
35 19 28
50 45 47
21
50 30 26
48 9 13
21 6 11
8 45 44
11 12 7
15 17 20
45 27 35
38 24 26
22 42 5
24 39 1
3 14 24
13 26 23
21 37 22
15 32 45
28 39 2
45 10 15
23 44 29
46 21 26
40 25 13
28 28 37
41 1 10
14
26 19 25
48 5 48
13 38 42
40 26 46
36 35 10
8 31 38
6 1 13
47 26 28
26 3 14
18 5 23
36 29 38
42 26 15
30 20 13
5 15 27
6
4 42 26
11 24 13
16 24 28
12 1 5
39 3 20
7 7 42
11
45 42 37
7 34 15
33 13 34
1 19 50
4 12 25
16 35 37
34 11 16
47 11 20
36 16 39
42 22 32
33 11 14
9
17 16 25
2 30 10
2 49 9
7 10 33
24 47 21
7 7 37
4 17 8
41 34 49
32 8 30
4
4 14 18
20 32 44
21 11 3
24 11 11
23
13 32 23
1 6 19
9 14 27
7 19 45
38 9 29
33 40 36
36 6 5
8 37 48
28 49 50
4 12 10
37 34 4
44 2 16
8 30 17
28 24 27
37 2 33
26 39 20
33 43 3
19 40 40
20 39 47
31 50 27
14 3 32
17 21 18
48 39 14
21
48 21 15
36 25 49
12 13 20
44 8 22
15 47 14
36 38 10
16 39 36
31 42 19
49 14 37
46 2 50
18 18 22
42 16 21
7 37 7
14 11 20
12 24 15
49 33 29
38 21 16
31 41 31
44 27 13
47 28 13
14 1 10
20
21 31 22
29 17 30
42 29 49
4 2 13
4 37 44
41 9 9
23 49 42
16 28 6
12 5 19
27 6 30
9 29 9
28 8 32
6 6 10
10 20 4
46 13 9
4 22 12
2 13 5
31 18 27
36 38 43
43 18 6
5
45 21 28
22 30 9
30 37 21
39 6 24
36 19 32
3
49 39 42
26 42 6
18 23 25
15
34 25 10
11 9 4
22 4 24
42 27 5
15 8 41
48 48 46
42 33 16
41 23 9
16 17 14
35 41 41
9 50 5
20 3 38
25 28 48
3 34 19
11 24 12
8
25 8 21
19 43 39
9 15 47
26 33 13
10 23 3
20 24 7
39 28 44
13 5 43
14
25 16 38
3 28 13
29 37 34
47 29 22
5 46 20
30 28 32
41 1 34
11 26 40
49 4 35
14 8 30
29 48 43
8 12 17
44 45 21
23 18 50
26
3 20 38
34 47 21
25 49 5
35 25 46
35 30 33
48 39 12
28 36 4
35 48 22
29 44 43
3 14 42
24 3 39
22 23 41
23 27 25
47 25 1
28 7 37
16 18 21
2 23 21
1 44 48
46 38 35
11 31 15
13 20 19
36 12 42
14 38 13
40 38 35
46 24 33
15 47 10
6
29 37 17
31 31 14
28 20 50
39 1 14
1 20 32
38 33 25
8
24 4 21
7 43 8
18 41 34
45 5 30
23 44 46
5 24 11
33 45 11
21 45 26
20
34 23 14
23 13 47
47 18 19
5 12 26
24 2 11
19 9 40
43 2 35
48 27 48
30 21 10
2 16 35
26 31 46
40 29 30
9 47 4
21 25 50
24 35 6
32 25 30
35 11 48
11 10 40
34 19 39
49 6 18
1
49 31 1
2
36 40 12
37 49 8
14
19 43 19
45 24 44
7 21 28
19 12 12
39 1 25
44 20 8
47 43 8
28 41 38
15 30 49
2 30 9
46 48 42
19 42 12
41 19 8
4 32 17
5
23 4 6
19 26 13
15 18 22
44 10 10
9 41 10
10
14 12 21
25 7 20
33 27 13
1 19 31
35 22 15
7 28 20
25 3 35
41 22 6
35 31 17
43 21 29
8
11 6 43
38 14 13
22 40 25
22 8 8
6 31 22
14 8 43
41 12 27
31 33 35
3
31 17 13
29 11 36
41 16 28
12
17 28 29
24 49 20
45 22 29
39 27 10
16 43 19
2 33 31
4 15 13
37 32 28
17 42 15
7 8 44
37 38 36
37 8 2
25
21 9 36
9 35 47
26 29 16
29 11 48
35 28 12
21 9 39
37 50 5
43 9 49
29 47 34
18 6 35
26 43 11
10 42 33
41 9 43
1 6 21
30 17 49
38 8 33
40 12 5
50 10 41
48 45 34
3 31 14
48 43 33
39 25 8
47 20 20
4 40 10
22 40 12
22
29 31 25
20 43 29
20 4 22
17 1 5
20 31 20
19 24 3
7 50 12
5 19 31
10 10 40
33 2 2
14 26 43
6 6 23
11 27 43
11 33 12
42 5 30
17 9 1
16 20 19
37 1 27
48 42 33
49 43 42
24 37 25
32 10 38
15
7 10 4
18 43 17
11 49 46
29 7 47
46 28 15
32 28 42
30 20 26
28 14 18
4 1 44
37 12 33
46 15 27
40 31 33
38 26 2
44 22 12
22 39 42
8
19 1 32
50 22 7
30 36 26
33 38 19
21 49 3
16 13 31
6 45 14
43 20 17
21
22 39 44
9 12 34
30 12 15
29 36 23
8 21 1
42 10 19
12 8 24
28 22 4
33 16 19
27 37 36
15 32 16
28 17 39
42 33 48
27 6 27
49 6 5
8 26 15
17 49 6
38 5 18
5 23 47
43 10 31
27 25 7
24
1 43 14
42 28 13
20 33 39
18 40 45
25 17 9
43 18 17
32 22 36
36 44 32
31 6 12
9 30 20
3 45 45
30 9 48
14 49 39
3 44 11
22 4 28
39 22 5
12 7 47
7 38 29
12 1 16
44 23 48
40 17 6
49 14 9
47 5 40
42 15 4
8
29 48 42
19 19 46
30 28 45
37 17 23
50 20 40
43 42 38
33 8 43
31 22 3
13
48 29 26
5 21 40
36 20 31
6 40 29
36 17 23
24 36 47
23 5 36
18 46 23
50 3 18
32 26 22
10 1 14
32 40 13
1 23 18
25
10 43 3
47 9 27
22 46 25
47 50 10
14 47 35
15 50 2
46 25 25
5 28 39
39 19 1
41 41 20
33 45 26
44 21 38
39 45 34
41 7 8
37 43 4
38 44 19
13 18 33
42 8 28
10 11 34
3 32 24
47 8 15
20 47 47
16 30 40
22 39 31
14 42 21
27
45 9 12
9 29 44
50 38 23
9 50 7
11 32 30
10 41 46
29 37 43
44 18 32
18 9 14
31 50 34
42 14 41
22 7 37
9 30 45
9 38 46
42 19 4
34 15 17
22 7 26
41 40 4
49 4 49
1 39 16
14 29 49
20 17 42
1 13 13
38 8 23
9 14 33
23 32 24
31 7 9
20
21 22 12
19 25 10
19 14 28
34 44 26
4 13 17
6 25 31
44 33 3
2 48 36
26 29 11
6 37 20
27 50 49
4 11 21
19 38 40
14 15 10
26 33 44
1 13 49
35 16 4
34 1 49
14 13 2
50 32 27
14
13 49 31
18 9 1
36 49 42
1 13 4
27 46 49
29 10 47
15 25 2
48 27 1
11 40 4
12 21 33
10 3 16
20 6 30
18 49 47
33 4 34
7
13 28 2
43 37 50
7 14 2
4 42 4
16 31 9
27 4 41
36 8 9
28
37 7 15
22 25 14
8 9 17
20 36 21
12 24 20
20 39 23
23 31 28
40 13 37
16 18 27
3 26 35
10 42 25
36 7 11
44 24 32
31 46 40
6 17 11
45 40 25
27 19 44
39 5 19
9 34 8
36 20 24
27 46 26
34 6 37
9 40 22
4 29 17
20 41 49
11 15 5
30 11 1
36 29 27
7
27 21 38
12 43 11
39 38 39
24 44 25
32 35 49
37 15 15
6 5 16
20
20 19 22
48 50 32
16 35 12
43 8 49
6 50 12
44 37 50
17 32 26
50 16 26
36 30 43
44 35 8
12 8 27
13 41 48
47 2 47
6 2 14
5 13 8
42 14 14
23 42 9
39 17 26
20 9 27
6 18 13
8
21 13 46
33 3 45
31 6 41
37 8 5
41 20 14
34 36 27
7 27 36
47 45 13
9
3 16 6
10 22 23
32 36 19
14 39 13
47 44 6
33 3 12
25 23 25
9 10 2
15 36 37
21
39 13 30
44 30 35
5 3 10
37 39 30
2 29 42
48 24 49
32 27 10
7 1 37
15 10 38
31 45 26
45 26 26
24 13 16
27 22 11
17 1 16
47 44 4
20 43 5
46 4 5
46 40 36
5 29 44
1 4 8
27 31 40
16
10 41 49
38 12 9
6 14 24
2 9 27
21 3 34
19 7 38
16 48 25
23 27 19
25 32 28
3 15 20
43 15 5
6 23 16
19 49 5
28 27 10
32 10 11
38 49 34
14
19 38 24
43 16 44
18 49 23
20 15 42
13 29 49
18 2 14
39 2 19
18 28 28
49 38 41
39 36 26
26 11 29
43 6 49
41 29 42
6 22 11
10
44 36 20
14 39 34
2 40 2
21 18 31
19 5 23
9 42 48
36 5 28
28 10 27
21 40 20
28 12 32
21
7 13 31
20 2 14
23 41 17
45 8 50
13 14 22
24 8 22
9 12 49
37 23 27
9 13 46
36 24 27
48 6 40
1 20 48
42 38 17
1 37 41
15 11 35
22 32 49
35 30 22
7 7 33
21 4 21
46 33 29
2 22 14
13
14 23 21
7 10 37
7 47 29
23 7 13
46 38 13
30 19 35
39 25 19
11 31 39
7 13 17
8 36 32
30 6 46
41 44 9
39 22 17
4
48 47 36
44 36 48
25 5 34
15 31 2
10
8 28 11
41 34 23
37 43 10
47 24 15
14 16 10
37 5 31
36 1 16
29 37 14
6 41 47
22 23 49
20
50 49 34
40 34 8
26 26 18
23 1 34
36 17 44
24 21 26
11 23 42
42 9 7
47 1 3
20 26 3
19 9 45
2 18 44
30 37 33
32 21 11
48 16 35
20 41 20
45 34 45
5 40 5
6 45 46
33 47 44
14
32 41 43
35 10 36
16 47 21
48 19 33
45 34 17
17 26 38
11 12 32
15 1 38
22 45 36
4 44 29
46 36 44
6 24 27
2 46 12
20 28 27
16
21 5 44
39 32 31
1 43 12
17 46 1
39 42 36
44 35 17
40 23 12
47 48 39
50 43 2
21 20 30
25 13 6
8 43 28
3 6 16
48 6 18
39 44 34
26 12 24
8
9 50 23
5 47 13
4 39 14
26 8 44
50 20 49
9 14 28
11 19 43
10 26 12
5
19 49 21
38 26 32
46 25 7
2 21 19
7 11 33
28
26 32 18
3 33 39
47 41 4
8 4 22
4 13 49
22 13 20
11 38 3
6 12 9
9 34 28
15 44 12
48 13 39
30 3 16
23 6 20
26 29 18
40 30 27
3 1 30
40 3 4
4 14 14
39 41 22
35 4 30
49 42 47
2 9 44
9 28 26
40 47 50
19 23 27
19 2 16
23 5 18
36 21 8
13
1 28 42
35 31 21
34 24 17
37 34 13
45 11 40
36 7 39
4 31 15
24 33 30
49 39 50
34 9 9
12 50 21
44 23 21
20 41 8
3
29 3 5
25 16 44
11 24 32
28
28 16 5
27 42 37
35 40 27
7 23 36
29 36 37
36 32 11
28 1 2
8 3 6
35 20 50
45 44 33
12 48 31
5 36 10
44 12 38
19 49 22
6 38 30
37 48 8
39 1 46
44 7 23
13 8 33
8 42 17
7 24 13
42 33 26
6 20 31
6 43 26
45 22 46
43 32 2
45 27 40
1 1 31
24
38 10 33
46 4 1
2 27 13
46 10 41
3 31 21
8 26 48
3 49 44
47 30 47
41 6 36
44 7 16
5 41 41
8 44 31
35 8 26
46 48 29
28 20 24
3 18 26
2 11 36
31 7 40
39 44 36
47 12 28
39 4 23
32 34 28
40 11 35
39 40 21
8
46 9 15
48 26 43
49 38 28
32 46 19
22 41 4
18 2 33
8 8 6
40 41 35
9
42 31 2
9 19 41
4 29 7
4 6 49
2 43 26
35 40 46
8 31 1
27 34 34
35 41 41
15
45 26 34
36 8 35
47 28 27
50 7 33
3 12 32
7 7 9
43 46 5
1 26 5
27 12 40
11 2 30
38 35 4
45 21 49
23 47 36
29 32 32
42 15 34
28
44 48 25
39 46 31
39 21 38
15 34 27
28 38 9
17 22 14
12 45 14
36 43 50
14 24 33
7 40 16
5 15 4
50 45 49
22 32 37
8 11 27
45 19 42
18 32 21
12 48 39
5 47 50
30 29 35
20 47 50
36 2 9
32 50 13
14 39 14
26 15 37
44 8 44
27 30 38
24 19 8
22 20 19
15
7 3 5
26 1 6
13 2 14
44 1 28
9 41 43
34 6 32
29 13 25
8 43 15
33 11 22
5 32 42
9 36 17
9 44 23
10 9 50
12 39 12
3 31 7
6
49 10 12
30 22 39
37 16 5
19 28 26
25 10 19
33 47 35
19
10 41 42
23 2 1
30 16 41
45 20 21
45 29 35
24 2 25
12 18 29
31 47 6
5 8 24
40 5 11
32 46 21
34 48 31
1 40 3
20 11 34
50 47 30
1 21 25
20 49 50
17 4 12
24 29 44
30
39 30 39
21 28 10
6 27 42
8 17 44
27 29 28
26 25 7
28 45 33
48 45 35
14 50 46
39 28 41
21 19 40
48 30 29
24 21 1
40 16 8
18 43 15
44 2 43
40 36 20
34 20 47
35 17 44
15 7 9
33 47 50
12 27 20
34 29 19
49 38 42
42 4 34
45 46 3
30 17 47
50 13 36
18 9 22
25 19 8
2
4 23 20
17 1 39
7
1 50 31
34 49 18
38 42 21
34 36 18
22 17 36
45 18 48
2 36 8
29
48 24 12
39 29 36
45 48 36
47 47 16
32 47 35
20 38 7
5 25 26
26 44 11
22 13 10
24 50 20
49 11 48
29 46 45
26 33 33
25 50 30
21 34 28
11 42 10
37 17 29
30 27 35
43 39 13
42 8 34
5 5 9
2 1 7
35 36 38
34 17 13
20 44 37
11 5 8
30 35 20
8 20 6
46 32 36
20
23 5 15
27 11 24
29 12 32
15 49 19
48 15 34
19 8 20
32 15 29
13 49 48
20 18 6
18 49 41
24 14 22
35 39 44
46 22 23
44 43 1
10 26 15
19 47 14
33 28 35
32 27 16
49 32 28
50 24 49
6
40 13 45
26 3 41
21 24 13
16 18 15
27 43 31
45 42 46
30
45 28 21
24 11 47
23 9 31
40 10 6
31 24 3
6 26 43
28 2 7
45 19 21
21 14 3
16 7 48
45 27 28
5 25 24
15 7 50
25 13 24
48 15 13
26 9 46
27 15 3
47 37 31
12 41 27
20 38 48
48 17 15
25 43 11
31 42 15
45 15 31
9 29 5
19 26 5
33 29 30
21 11 8
11 37 6
1 36 20
11
39 17 2
13 11 12
45 2 28
40 18 9
50 49 15
19 24 19
3 2 50
24 14 9
36 3 17
36 38 38
5 42 28
26
30 15 3
25 19 31
16 38 39
15 36 5
35 10 24
38 13 25
13 29 36
48 31 2
34 20 41
40 11 18
4 14 36
24 44 15
12 34 39
47 38 6
8 13 21
21 40 5
1 25 44
31 28 6
50 18 4
11 37 39
24 22 28
19 37 33
4 27 7
41 33 20
6 5 16
45 9 24
26
46 19 5
28 48 10
27 17 15
37 3 3
12 25 32
32 11 17
35 39 23
28 21 42
33 25 9
27 36 34
47 40 31
44 1 28
12 16 5
14 20 32
38 2 20
50 18 34
41 42 15
11 35 2
38 45 29
25 29 11
16 11 39
16 39 35
33 43 30
3 26 41
6 48 4
25 33 44
25
37 16 49
48 2 50
37 48 28
13 26 40
30 37 28
47 27 12
30 19 43
34 47 33
39 44 39
13 28 34
30 26 30
33 26 17
30 3 16
8 45 4
46 22 16
22 36 45
40 28 41
38 13 22
33 1 5
10 36 45
36 15 7
11 31 38
15 46 22
9 1 2
33 16 9
16
27 18 12
16 47 5
6 9 26
38 11 33
48 46 27
33 11 36
45 43 23
9 41 45
20 41 48
4 7 8
21 20 13
19 24 39
28 2 6
38 34 11
34 10 49
46 45 48
10
26 38 20
36 28 16
5 19 13
10 27 20
30 48 34
49 22 22
28 23 29
15 8 40
50 19 40
45 14 37
18
43 33 35
28 12 50
35 32 12
44 8 33
26 6 18
26 29 39
3 3 17
19 10 8
19 28 47
13 43 35
47 27 2
9 26 46
40 39 24
50 23 10
7 40 3
35 30 28
39 49 5
48 8 7
16
46 27 7
8 20 41
7 48 45
17 26 40
8 16 15
7 39 24
15 30 27
1 12 6
39 10 11
36 19 19
13 25 46
34 16 41
31 12 1
6 1 7
22 16 23
12 41 32
29
5 43 19
6 4 25
44 15 37
30 34 7
44 8 3
29 25 43
11 36 43
19 37 1
42 4 25
3 44 7
47 15 47
1 41 1
15 29 6
48 35 50
8 39 31
32 32 26
18 26 4
6 29 14
11 3 34
6 9 25
20 7 27
10 8 24
38 15 26
25 14 40
13 46 40
46 21 47
24 26 30
2 42 49
6 25 6
16
24 17 50
43 23 28
5 30 3
44 45 30
20 10 20
33 8 11
30 30 9
3 6 40
6 49 39
12 25 44
28 24 12
2 4 35
32 8 29
28 38 33
39 9 29
46 19 48
10
10 26 29
14 33 18
20 31 8
33 5 2
10 31 13
11 36 49
44 43 27
23 32 10
12 40 40
7 10 37
9
30 34 38
45 16 8
14 48 17
46 5 18
7 35 32
20 22 30
15 14 7
38 46 18
49 37 7
25
15 7 47
46 43 36
41 8 45
4 6 12
2 12 31
8 46 13
29 17 44
44 32 2
31 29 19
31 16 27
39 14 24
31 1 38
41 46 34
48 7 24
9 39 29
6 1 32
24 47 40
5 48 20
36 19 13
3 47 45
16 20 25
16 10 16
13 45 46
21 20 38
10 48 35
13
48 12 30
21 8 21
28 8 40
15 26 5
17 24 49
34 46 26
1 5 41
14 1 38
36 20 26
45 19 12
7 50 7
16 20 4
25 12 27
16
20 2 18
38 26 18
21 21 43
23 27 35
38 27 25
24 46 2
18 16 13
26 16 19
44 37 25
18 48 3
20 17 8
45 35 29
17 29 16
43 14 36
21 40 8
18 43 46
11
38 33 7
16 48 26
9 37 2
26 36 4
47 3 13
43 37 41
9 17 6
3 32 43
23 21 2
42 13 49
25 20 19
29
24 24 47
34 12 50
11 48 5
8 50 17
50 38 9
11 4 14
13 36 8
38 8 9
29 23 10
5 42 28
31 40 38
42 39 11
41 45 46
40 11 7
29 21 16
33 36 17
20 43 27
27 3 42
49 12 29
42 42 9
33 29 16
23 42 48
17 37 41
29 45 32
49 10 21
34 27 2
28 5 36
31 46 5
44 26 33
24
25 35 35
8 14 2
30 5 49
49 43 39
27 38 20
26 49 43
11 27 44
39 32 31
21 27 35
14 3 19
1 39 2
14 40 29
20 40 38
14 28 19
3 50 17
2 44 44
28 37 21
9 19 33
38 3 21
42 21 43
30 25 9
21 3 9
10 40 24
37 8 45
8
11 38 27
14 31 22
41 19 42
2 37 24
39 39 47
30 12 41
11 38 49
31 40 7
12
26 40 31
34 28 40
46 16 16
9 46 37
1 15 30
2 3 6
42 44 4
23 5 44
33 42 45
15 33 3
6 13 35
34 2 10
25
42 1 20
50 48 8
1 14 38
4 17 45
46 10 48
18 16 43
3 9 39
17 41 42
23 5 26
8 6 37
8 27 34
5 35 25
19 24 27
35 18 29
46 15 32
11 9 29
19 48 47
9 39 1
15 16 19
20 4 41
49 39 50
33 16 7
6 44 14
23 22 32
39 5 18
23
25 49 34
43 46 32
3 36 32
17 3 50
38 9 43
36 49 42
20 14 1
25 7 14
49 28 47
39 35 14
40 18 28
37 49 2
23 30 46
27 31 48
37 23 16
36 17 3
1 17 41
8 32 10
37 28 37
21 43 35
40 22 26
38 23 15
19 20 1
15
4 50 17
40 24 34
27 42 36
28 10 26
37 41 36
25 20 22
46 12 8
35 35 35
25 9 1
43 28 4
44 46 28
20 29 33
13 15 25
23 42 1
15 29 30
16
41 35 2
38 48 12
24 33 46
48 41 49
43 19 2
38 16 31
7 45 14
22 11 40
44 2 40
8 33 22
44 34 37
42 45 29
24 43 18
16 41 42
36 44 41
2 24 35
13
31 46 39
2 6 28
45 9 20
5 41 41
48 27 29
41 21 8
16 15 27
32 5 18
17 48 11
18 24 45
13 12 19
20 42 50
31 11 3
10
4 21 3
3 47 31
46 20 40
11 34 17
42 41 36
9 40 46
28 13 43
43 27 13
12 20 12
44 30 17
26
21 17 34
25 15 14
20 34 4
31 20 20
22 10 7
32 1 3
12 16 47
4 42 9
17 13 23
11 44 39
27 27 6
41 40 26
27 45 50
46 14 20
7 21 2
7 25 25
22 23 7
15 31 20
29 5 23
22 43 41
48 50 3
40 25 31
34 27 24
50 48 50
22 49 47
48 23 5
21
35 20 31
1 2 50
30 7 24
1 1 17
1 1 19
40 27 50
25 3 23
24 50 24
45 50 20
42 25 24
13 5 36
15 7 22
23 32 23
23 48 4
25 19 6
2 18 6
4 40 47
6 13 22
7 34 45
31 9 42
38 44 35
28
14 46 18
36 29 42
8 29 45
33 47 2
36 14 10
41 5 6
46 19 27
5 4 24
37 12 17
24 7 1
21 24 50
50 17 13
28 13 50
26 15 8
39 24 42
45 31 29
15 10 19
18 33 17
29 1 21
37 3 7
11 3 33
29 17 3
42 17 4
8 26 31
31 19 6
11 47 46
22 15 42
6 31 6
3
3 6 3
40 9 12
2 13 44
6
50 32 29
32 23 47
40 30 22
35 12 40
29 25 38
34 46 3
25
40 9 2
1 13 9
44 2 17
41 5 29
42 37 10
24 11 6
15 43 30
1 4 19
29 30 9
13 26 11
23 29 47
35 37 36
39 6 36
43 36 31
31 45 22
44 3 13
36 32 38
39 2 2
19 10 3
46 22 31
24 21 45
12 6 17
17 44 2
3 24 42
47 47 36
27
10 1 10
47 32 49
37 36 1
5 47 5
2 19 35
27 39 30
39 46 48
5 41 1
7 17 42
6 13 28
6 24 46
38 23 7
25 23 3
21 27 39
41 13 46
31 44 49
27 44 26
19 44 14
35 38 20
48 15 27
21 12 32
45 18 37
19 22 26
45 12 50
10 7 23
3 8 13
48 33 44
12
42 42 48
27 29 17
26 45 43
48 6 26
43 25 13
11 46 40
8 7 42
19 16 14
23 23 28
21 7 21
12 4 44
42 22 36
14
39 36 15
38 43 42
32 17 4
43 14 46
2 20 37
20 37 2
42 11 29
12 17 2
25 22 45
16 44 32
3 10 45
45 1 35
11 7 25
24 4 6
30
1 46 40
22 34 41
16 45 21
29 13 22
6 37 19
21 32 2
26 43 49
20 43 33
31 1 9
6 4 15
1 45 14
35 37 17
31 8 40
43 31 7
29 1 36
12 3 41
4 1 13
49 35 38
49 44 8
5 10 40
1 23 45
38 41 48
47 33 34
27 39 14
28 24 6
32 16 37
32 31 48
18 18 2
13 27 2
22 18 50
26
7 47 15
46 39 12
42 21 45
20 10 10
47 35 17
30 1 5
11 33 3
31 2 6
43 31 7
15 48 8
11 12 16
49 25 24
22 21 19
31 30 10
15 49 31
17 3 30
1 7 9
3 12 22
33 20 2
30 30 44
44 45 10
20 18 22
41 36 23
22 47 44
20 27 26
25 6 40
29
9 31 15
11 43 38
45 14 39
27 43 34
22 39 44
41 6 15
33 43 39
7 41 32
28 20 7
2 25 49
33 41 9
27 28 17
40 18 30
35 2 26
23 45 2
31 11 23
25 50 16
16 33 48
35 42 4
11 40 32
4 48 33
33 16 17
1 47 43
2 23 35
48 26 19
10 49 43
11 16 25
44 13 50
35 19 17
13
15 24 2
18 23 36
3 40 3
3 37 47
6 11 31
5 36 1
14 36 44
25 1 20
20 16 21
4 34 39
29 37 41
3 22 8
42 26 25
9
31 30 23
38 40 3
44 26 4
8 11 49
34 12 18
5 27 39
10 12 27
38 48 20
42 19 27
3
32 33 47
14 15 19
4 4 21
6
24 47 29
44 4 40
34 39 3
12 43 31
33 2 42
9 41 39
19
5 14 34
25 45 17
48 10 31
23 13 36
49 10 15
44 15 6
27 6 8
40 50 38
23 4 31
33 44 21
46 30 31
42 46 38
2 28 12
16 15 9
27 29 34
42 34 34
49 43 27
48 32 5
1 12 44
16
49 47 34
46 26 15
38 23 2
41 2 15
6 16 26
33 47 9
26 30 44
24 25 20
21 6 26
24 20 19
20 3 37
47 19 37
19 22 32
22 37 19
37 14 11
33 24 17
1
28 15 17
18
13 1 41
31 23 46
19 48 17
5 19 22
37 15 42
7 35 14
20 6 2
38 45 15
38 29 40
17 45 6
19 35 45
43 33 7
41 49 39
9 22 8
26 14 14
10 29 2
18 30 9
14 46 28
5
4 42 37
22 39 42
40 23 36
32 5 44
22 6 32
21
5 33 27
6 8 42
16 19 20
45 38 1
11 1 48
16 45 34
37 33 27
26 7 12
8 12 7
31 17 39
13 45 29
20 39 33
41 8 41
28 11 6
29 8 1
25 44 13
7 20 29
13 34 15
26 40 41
44 28 50
41 9 30
15
16 29 43
6 38 33
34 48 39
14 8 41
38 1 3
46 20 31
10 3 48
36 43 40
31 22 39
21 30 20
1 23 14
39 5 30
38 45 35
45 37 20
45 40 33
20
17 17 22
27 19 19
14 13 10
46 35 48
19 16 18
19 38 33
9 45 12
47 41 47
41 28 16
38 19 1
4 40 22
24 11 39
37 20 17
23 20 32
38 39 27
26 21 45
22 33 16
12 31 24
39 48 20
7 48 13
10
5 49 22
28 11 10
14 32 28
36 1 9
24 39 37
1 12 34
22 44 1
35 26 24
24 23 46
32 23 10
19
15 30 44
42 42 5
8 24 32
45 26 42
20 17 30
20 28 13
43 23 13
28 48 39
3 20 34
34 44 43
16 37 3
7 41 19
32 24 10
8 15 19
24 45 14
3 9 33
25 24 5
22 12 47
41 47 26
18
14 35 41
29 23 45
37 14 13
19 39 24
26 6 43
1 2 6
3 10 38
27 35 44
48 46 41
40 44 18
26 34 46
1 30 9
16 42 39
4 16 25
9 10 45
10 15 22
22 4 22
6 48 26
24
1 4 40
43 47 7
20 33 4
20 14 14
35 6 2
39 23 29
49 32 25
9 48 47
30 3 20
37 2 46
40 41 49
39 50 2
23 3 46
36 17 15
41 20 37
15 50 21
48 25 11
47 23 12
2 42 20
3 39 1
46 38 39
45 41 29
49 36 17
17 2 39
24
17 37 40
33 38 13
33 12 23
29 34 36
30 28 5
35 16 7
30 5 46
26 45 26
24 32 42
41 36 32
29 25 7
16 37 25
30 12 10
15 47 42
42 4 20
8 12 2
12 7 36
9 32 17
42 25 42
27 8 17
4 17 9
40 41 39
3 2 7
2 43 36
2
44 7 15
3 18 16
23
19 16 27
12 24 10
28 16 35
39 44 44
27 47 10
33 39 3
20 43 4
22 44 49
15 50 13
19 20 30
34 46 34
10 5 2
25 41 15
20 37 44
17 46 32
5 50 9
47 6 43
43 4 13
44 18 34
13 49 50
10 32 18
17 35 3
7 49 12
18
8 43 42
26 41 26
30 42 34
28 49 28
22 4 40
16 21 25
30 21 24
40 2 43
6 36 46
14 36 9
9 30 47
1 5 6
44 40 31
43 17 12
46 9 39
19 33 13
39 9 28
43 1 7
18
3 30 48
19 16 7
27 47 5
29 3 12
22 44 42
14 12 5
12 20 45
30 3 7
20 11 34
12 13 43
42 11 40
9 19 43
7 25 13
9 36 39
2 27 17
13 33 40
35 27 4
39 34 15
26
15 49 17
29 13 9
20 23 49
30 43 43
38 17 5
46 2 45
49 30 13
13 12 2
47 39 5
35 22 21
35 40 16
48 1 33
22 1 11
15 43 32
31 49 11
35 45 48
14 7 45
28 8 45
16 15 7
39 37 6
30 3 42
30 35 29
30 45 28
24 26 1
24 38 15
18 37 48
24
47 26 31
26 34 27
41 50 35
31 36 40
11 40 34
40 24 14
22 20 41
47 47 41
21 34 8
40 22 7
16 4 40
1 30 38
50 15 14
37 6 6
29 39 37
4 4 47
24 44 38
22 37 11
8 44 8
29 50 30
33 41 19
12 28 36
28 41 36
34 47 37
6
4 24 35
7 28 33
30 23 20
2 9 31
9 2 40
39 3 19
19
25 21 43
10 35 21
47 14 13
22 47 11
27 23 45
33 2 27
13 26 49
16 35 31
26 38 20
16 41 40
37 35 28
23 5 2
36 20 14
35 32 12
9 27 35
10 5 11
37 5 43
21 35 7
9 6 22
9
15 1 45
3 35 25
27 42 26
12 13 39
48 44 50
6 22 34
17 29 44
4 33 39
26 20 45
19
17 34 27
33 36 22
37 23 48
13 16 23
25 28 14
22 21 15
30 43 1
46 21 46
1 5 34
27 26 29
12 3 47
48 26 15
22 23 48
37 47 34
14 10 47
34 27 23
28 27 46
50 22 25
5 8 23
3
49 30 36
11 34 34
10 9 48
15
31 31 31
29 17 30
3 30 41
48 15 17
25 45 45
49 44 19
21 50 26
22 32 11
32 15 44
43 24 41
23 6 38
41 37 20
22 28 48
38 44 2
32 39 49
5
23 26 7
44 27 34
15 8 44
48 23 39
42 48 31
30
39 16 3
38 6 40
39 29 19
40 16 12
14 50 2
39 27 10
32 3 43
48 11 38
47 33 28
38 32 11
5 36 30
10 25 21
40 45 8
5 9 49
4 10 38
30 22 3
35 16 41
45 6 24
29 33 23
10 43 19
45 23 8
22 45 12
16 2 23
24 2 12
36 39 19
7 44 24
24 34 6
29 10 40
14 32 36
6 3 14
25
19 30 12
42 24 24
8 28 48
33 31 12
18 22 30
26 15 3
2 50 10
30 9 49
45 43 34
1 45 49
32 6 23
8 31 42
37 31 33
17 42 42
38 21 27
4 25 46
4 35 22
14 35 25
6 19 6
50 17 1
8 40 3
38 33 34
18 17 43
11 11 31
31 37 48
17
41 8 32
44 44 5
7 28 31
13 46 37
14 15 37
21 6 39
11 40 24
30 6 19
41 18 49
23 4 48
32 38 35
25 44 25
3 25 18
48 11 26
14 49 40
19 37 4
8 12 26
18
18 16 32
10 33 31
32 39 28
14 26 12
38 19 38
42 43 5
40 5 33
3 3 22
24 41 25
31 5 3
48 36 40
31 16 9
19 46 18
46 9 2
14 47 17
9 3 6
15 35 48
18 7 39
23
16 10 33
49 14 37
46 50 27
28 17 35
46 14 5
41 23 6
7 21 24
17 23 29
33 8 26
50 16 16
10 50 9
23 37 26
24 13 24
41 49 22
6 3 49
28 10 47
48 33 39
23 14 47
32 41 15
49 7 48
48 17 49
34 42 10
48 18 35
18
50 47 39
6 1 39
35 13 37
35 45 26
7 10 24
40 1 39
38 7 38
35 23 36
21 16 46
18 33 30
16 23 37
17 12 39
31 50 44
27 27 30
37 1 14
37 41 22
45 28 11
17 15 48
15
5 32 10
22 17 41
40 39 30
6 2 18
38 2 13
14 30 42
50 30 8
38 22 29
32 1 42
50 16 41
34 27 25
50 18 31
38 47 5
42 16 44
43 30 1
18
1 22 21
3 4 30
40 27 11
22 28 2
21 45 44
4 21 21
3 40 1
43 38 5
34 3 50
28 32 50
1 5 37
4 36 40
31 46 42
10 49 31
4 43 4
26 13 25
16 15 30
5 20 35
27
10 10 21
39 43 21
39 47 9
43 35 48
25 30 41
36 29 24
41 21 27
16 35 3
33 49 33
38 20 17
49 41 45
41 13 6
40 21 44
24 21 32
3 13 26
33 36 2
5 15 37
41 17 27
40 1 45
11 17 29
1 13 18
15 18 16
36 11 7
8 45 46
20 22 21
6 24 25
20 12 8
4
5 38 41
44 39 37
6 7 15
7 20 33
28
6 21 37
3 8 50
23 15 46
48 37 17
7 42 40
20 13 4
24 50 44
19 40 30
25 47 44
33 18 28
5 6 28
15 5 33
29 2 36
17 19 10
8 10 7
22 13 13
24 6 35
13 35 10
11 31 31
28 10 7
34 37 39
40 20 45
42 7 9
10 18 40
19 25 6
32 39 16
39 25 37
26 35 12
15
35 6 15
15 17 21
48 4 11
37 25 5
30 33 16
39 50 5
10 26 12
41 15 27
31 41 16
6 25 29
13 41 3
30 11 40
33 23 4
9 30 3
41 45 39
11
9 40 1
18 16 12
10 32 41
41 22 8
48 49 36
11 39 41
42 2 32
24 26 35
32 5 37
24 49 27
13 1 47
18
27 30 15
39 13 5
31 37 14
28 35 49
40 25 41
31 28 22
6 4 6
39 8 44
12 9 23
27 11 21
6 25 30
21 29 7
7 44 45
41 43 27
17 35 4
45 7 46
50 14 26
9 10 34
22
36 19 34
12 30 4
19 4 34
39 35 42
45 28 38
37 22 14
6 7 19
2 13 14
1 28 42
9 37 25
30 20 48
9 26 33
12 11 46
46 2 15
24 41 5
45 4 2
1 24 40
15 38 45
43 31 46
29 5 48
1 4 9
26 37 38
6
7 36 32
5 37 48
28 29 5
24 32 6
25 7 45
41 46 42
17
37 33 26
45 14 32
34 14 36
29 41 22
37 26 5
43 14 5
20 42 9
46 25 16
22 31 10
12 27 1
47 2 40
12 34 28
27 21 22
17 42 7
42 48 37
7 2 25
48 12 18
29
34 24 27
5 4 39
17 32 41
13 36 32
26 21 9
2 41 32
18 34 38
11 31 26
17 35 1
16 46 18
39 25 6
44 15 40
28 5 44
13 39 12
33 47 24
25 29 1
8 18 2
38 44 21
22 44 31
20 13 49
46 18 16
10 9 6
16 3 50
4 14 27
3 40 41
33 40 23
50 44 49
45 14 6
40 45 43
27
38 2 45
33 22 11
44 30 16
11 32 17
15 48 45
17 39 35
1 30 9
50 23 7
47 37 12
36 33 7
40 27 25
11 39 12
42 5 46
26 23 41
23 18 1
13 4 17
42 13 35
15 21 35
3 33 37
35 41 35
11 15 20
2 28 11
6 25 23
30 15 15
47 17 40
3 34 14
15 20 28
9
35 35 5
37 19 43
21 11 27
34 27 48
35 4 9
42 30 33
21 46 47
20 13 38
22 48 3
30
1 38 17
35 24 23
22 43 15
42 5 41
25 32 39
11 37 49
2 17 31
23 12 30
44 26 19
15 25 22
2 42 3
25 16 3
19 31 38
26 23 9
7 13 2
45 13 29
11 44 39
25 25 41
2 43 15
27 16 8
18 21 24
35 23 27
15 12 3
40 22 24
2 24 49
15 4 7
10 42 1
36 34 14
30 50 38
48 9 39
7
36 18 34
21 42 10
37 4 13
26 25 38
30 50 36
46 3 42
5 45 44
7
44 42 30
35 21 32
3 18 40
39 35 24
9 27 33
45 32 47
23 6 36
21
14 2 8
8 49 10
14 3 6
10 46 38
46 16 19
48 36 8
36 20 31
46 48 16
41 31 14
15 39 2
18 46 22
16 7 38
20 13 47
15 50 12
30 18 21
17 27 18
39 10 16
38 27 3
19 42 49
7 43 41
4 17 5
22
37 10 6
8 24 2
22 23 13
3 42 36
20 21 3
8 30 20
45 8 23
15 49 23
21 44 13
26 10 19
36 15 42
9 18 30
34 30 37
27 17 8
47 20 12
28 39 31
37 13 40
38 35 35
31 49 1
42 19 24
8 10 49
25 39 34
15
30 6 27
6 23 34
5 44 46
34 34 28
21 49 18
10 35 4
40 34 4
33 4 27
40 14 26
16 4 11
23 31 7
47 16 36
42 13 42
26 43 48
26 10 31
13
12 10 15
3 45 18
35 49 47
26 12 24
43 17 36
18 49 43
14 15 28
6 29 21
33 21 18
8 32 1
17 46 5
14 16 19
12 14 21
28
35 25 37
30 41 24
47 40 16
10 6 46
17 34 16
1 7 36
8 40 38
27 36 42
40 3 10
3 16 33
27 4 40
17 27 24
6 45 5
13 40 1
49 7 13
5 42 29
44 31 32
31 23 41
35 34 19
50 16 10
5 5 12
34 31 38
30 35 5
21 38 12
27 50 25
21 30 25
1 11 31
25 2 26
27
41 9 22
43 24 32
49 31 43
34 11 31
13 47 37
33 34 48
10 33 24
32 15 48
34 25 30
9 28 6
17 50 14
42 31 6
22 23 50
34 5 49
31 41 32
16 39 47
1 14 29
15 14 40
41 43 23
21 50 7
20 13 15
2 19 33
24 20 24
31 18 46
21 2 31
11 48 13
25 28 29
21
47 40 18
37 34 40
7 34 48
28 46 12
29 16 46
5 36 20
35 5 17
5 8 47
18 5 12
42 35 40
33 4 22
16 43 18
49 43 6
47 6 15
14 2 44
1 23 23
6 41 29
13 39 13
20 50 19
6 39 38
9 12 29
13
29 3 29
27 45 37
25 1 3
39 2 46
39 26 18
46 16 48
11 4 12
32 4 31
37 42 20
45 6 49
47 36 13
42 22 41
42 24 20
4
34 45 22
25 20 41
20 35 39
30 38 50
12
2 13 41
2 49 35
14 43 42
5 42 27
26 35 1
21 26 24
5 22 47
29 43 38
50 27 26
32 16 25
44 9 7
43 45 8
21
24 37 36
30 30 14
5 14 14
26 41 40
30 12 36
10 4 23
9 32 48
40 50 25
36 10 31
28 6 40
16 41 50
46 6 25
9 20 5
50 9 9
13 44 34
19 17 15
50 16 24
1 40 35
10 22 26
17 11 11
7 12 38
26
3 13 37
11 34 41
12 42 1
25 37 35
43 5 1
44 21 25
47 12 9
8 34 34
25 46 47
33 10 36
47 46 41
30 38 43
21 38 6
10 24 17
14 25 43
36 1 35
48 11 31
33 46 27
28 42 34
39 28 10
36 18 43
23 13 39
13 18 19
36 36 41
12 29 50
12 13 16
21
50 22 45
32 18 23
12 9 9
50 36 18
36 6 10
10 18 49
22 37 19
10 22 11
21 50 11
33 15 28
4 11 28
23 34 30
32 42 11
19 9 22
26 19 24
45 19 9
31 37 18
5 49 42
4 11 1
20 38 21
31 18 5
21
33 14 47
16 7 7
37 15 31
12 35 6
7 5 14
37 43 33
43 42 26
47 2 26
18 40 49
50 7 5
15 5 15
21 11 50
38 43 15
22 48 3
27 13 15
21 48 21
12 23 9
14 1 2
5 1 50
11 5 19
15 20 19
13
4 27 21
41 22 37
14 21 40
42 34 4
13 33 26
26 7 36
39 7 39
43 7 40
5 12 9
21 33 29
50 5 11
21 41 16
43 30 8
2
15 28 35
29 10 12
30
40 5 17
32 43 25
42 38 32
20 44 45
30 15 29
48 14 35
5 36 25
26 28 7
43 6 43
21 17 7
25 33 6
20 10 47
9 41 28
2 37 21
18 17 40
33 1 22
18 27 19
48 33 23
3 28 1
21 34 43
6 41 15
15 37 42
7 17 13
43 37 21
11 27 24
13 50 42
39 18 24
22 42 44
49 42 41
34 36 45
27
22 24 3
36 12 44
42 28 8
36 17 28
46 45 3
8 44 46
49 11 22
22 2 15
22 46 7
5 33 3
28 35 19
39 28 43
19 37 28
35 16 20
29 19 7
22 14 5
34 37 14
37 3 12
32 9 33
15 13 4
1 34 10
31 26 37
17 3 28
33 24 48
1 33 34
16 37 12
5 50 35
20
8 7 12
42 16 46
8 30 50
8 13 9
38 40 48
5 45 27
39 20 26
41 2 9
8 38 22
12 38 6
19 1 27
34 46 34
15 47 25
30 8 32
21 5 40
15 33 29
35 8 35
38 16 23
26 37 13
15 44 21
22
50 15 20
35 12 5
2 9 32
31 16 13
1 22 4
18 4 35
4 13 19
41 28 42
16 16 6
32 9 26
48 30 10
10 36 9
18 17 46
33 32 47
4 35 29
9 19 29
21 38 48
50 31 1
15 36 42
25 14 9
4 23 41
39 31 40
19
16 8 28
50 39 24
5 23 4
13 44 33
35 33 32
34 15 33
48 50 24
22 13 34
27 35 26
18 18 16
25 45 14
13 21 30
37 26 31
32 10 36
14 42 50
28 24 35
30 49 18
42 32 18
29 8 41
18
35 48 23
11 44 36
23 14 17
11 40 48
43 49 35
8 42 34
38 15 20
17 13 40
10 45 7
38 2 47
35 26 14
29 11 50
44 30 10
35 29 34
36 13 45
27 48 37
42 20 44
6 9 31
29
9 2 15
46 3 11
33 30 27
13 41 28
6 22 40
43 50 23
28 14 17
6 13 5
49 32 1
5 40 33
6 4 32
11 17 42
40 45 39
32 24 21
5 13 33
4 36 41
19 4 33
32 9 12
13 11 17
5 43 16
8 26 22
26 17 27
22 6 39
46 26 29
8 11 12
45 3 17
49 37 22
9 48 41
19 16 22
6
40 13 31
50 39 2
27 5 31
49 12 19
44 40 49
3 50 13
29
50 48 4
42 48 40
15 8 37
1 28 2
42 40 35
43 30 38
20 37 20
18 48 41
11 37 39
15 38 1
14 43 31
13 32 33
20 20 24
47 24 39
39 8 41
20 47 34
6 17 27
6 7 46
44 47 13
34 50 25
26 30 39
8 12 5
29 36 17
2 26 37
11 18 35
10 1 25
28 27 45
34 22 2
32 36 7
13
36 31 12
13 11 3
22 24 7
1 11 23
4 38 11
15 5 46
24 6 22
1 34 16
36 8 20
19 43 28
50 5 30
12 9 17
35 15 30
1
1 48 37
30
47 7 35
18 21 40
36 46 47
5 48 30
32 35 39
12 3 34
30 2 40
9 15 48
12 2 12
14 49 50
20 35 49
40 24 45
37 22 13
34 4 48
20 42 4
23 25 35
24 14 48
41 11 28
42 24 38
40 24 49
24 22 13
50 19 32
23 33 24
26 32 10
20 35 46
46 21 15
10 21 39
22 50 15
48 37 5
21 38 46
25
10 44 50
11 12 33
34 44 6
9 27 18
28 11 15
26 32 31
35 2 20
8 1 34
5 39 38
27 26 33
21 27 19
34 10 28
30 17 41
6 34 24
17 48 34
50 29 14
3 48 39
5 31 23
45 20 32
21 2 39
49 20 15
8 49 37
25 39 21
10 14 50
8 48 7
25
24 38 11
28 37 49
34 19 23
29 38 4
1 41 44
49 12 9
7 10 45
33 1 17
42 14 18
1 11 25
40 23 49
26 21 25
46 43 4
35 49 38
25 42 16
36 50 18
48 47 16
50 13 22
15 33 6
28 7 48
50 7 48
21 33 38
13 37 15
11 26 11
5 43 45
12
7 4 10
6 2 25
5 17 49
20 49 4
47 7 1
46 13 1
18 46 40
33 34 4
45 9 14
49 3 11
5 12 32
6 38 40
28
2 24 36
23 22 42
21 28 44
19 41 44
36 38 33
18 23 37
13 33 2
11 35 14
15 46 47
23 33 39
46 21 36
20 12 37
47 7 12
39 1 32
28 35 50
50 23 36
32 27 5
16 40 17
13 39 30
48 27 46
18 12 20
31 50 16
37 11 35
39 45 33
24 44 22
48 31 1
24 36 1
16 4 34
20
14 4 35
11 30 31
30 43 50
10 42 17
49 5 3
37 49 36
12 44 9
10 27 9
35 14 11
50 17 45
5 4 46
36 36 9
28 37 22
22 4 1
28 6 13
28 43 11
21 3 47
47 12 11
12 24 22
31 18 6
26
10 34 15
46 19 26
25 5 47
48 10 47
25 18 9
2 10 21
25 13 20
21 26 30
33 49 1
13 19 8
48 33 13
16 8 25
22 6 22
32 5 48
49 15 46
10 36 20
24 5 22
1 36 46
50 38 18
20 45 2
2 10 16
12 34 13
17 7 30
21 4 4
38 49 35
23 19 35
16
20 29 42
20 16 39
21 3 8
40 49 10
44 8 27
5 43 42
23 49 21
46 5 26
33 3 10
7 23 46
35 16 42
2 4 13
4 12 34
2 23 5
12 49 46
4 40 39
15
18 3 13
13 7 38
47 11 50
3 36 47
39 1 40
40 5 2
45 18 38
48 42 44
9 40 39
13 32 30
17 44 24
25 33 41
37 34 5
22 31 3
23 22 5
25
36 29 24
32 48 13
30 39 6
40 28 44
4 11 25
22 6 49
46 39 41
33 24 48
6 6 50
28 28 7
8 3 3
5 15 39
45 20 22
25 15 3
35 42 43
41 40 46
31 32 18
4 29 15
12 31 49
39 37 5
41 41 34
7 29 44
28 3 50
44 5 45
35 47 19
5
47 26 45
27 8 12
33 38 28
44 18 27
34 6 33
18
11 26 47
11 32 25
7 9 29
25 2 34
31 39 30
28 14 26
4 21 39
38 9 17
33 28 45
16 34 27
41 30 46
24 6 7
34 35 19
38 18 25
26 49 49
39 25 29
12 13 8
22 31 12
21
34 49 25
1 32 3
44 11 49
19 17 7
3 1 25
40 20 49
15 18 49
5 44 29
16 9 37
37 41 50
38 18 2
19 22 37
30 22 38
48 28 33
50 4 1
19 2 3
38 2 42
34 31 8
44 19 13
34 18 30
1 21 19
16
26 23 8
7 44 45
4 24 29
3 27 31
23 31 34
13 32 27
46 12 37
39 32 1
24 1 30
25 22 50
49 29 5
44 25 33
17 5 39
44 35 43
24 18 47
5 47 22
4
31 19 33
21 2 35
44 3 14
20 26 16
20
4 18 4
43 12 30
35 28 34
33 23 20
6 48 38
39 5 36
21 25 20
41 26 4
37 30 19
6 5 34
24 10 6
37 41 9
16 26 1
39 46 37
38 35 22
42 20 27
18 41 18
44 46 38
25 14 31
32 50 17
22
47 41 5
33 34 15
49 9 16
39 4 4
28 40 25
20 9 4
37 1 21
32 46 8
9 10 38
40 11 6
32 15 28
15 29 24
26 46 9
29 50 9
19 26 49
29 29 26
32 49 47
27 9 36
38 48 17
48 4 27
14 33 16
43 8 48
14
39 38 16
18 39 24
38 15 24
18 45 50
1 46 46
28 4 31
17 3 50
17 8 26
30 40 42
24 48 41
14 15 4
2 41 43
18 14 12
13 13 1
28
19 10 11
48 13 41
16 17 40
32 25 16
12 14 9
35 13 49
48 28 4
2 20 46
19 33 7
33 48 7
42 8 27
6 48 47
23 40 44
47 7 9
12 15 43
27 15 4
4 18 40
25 16 38
7 22 39
6 31 9
13 7 44
13 5 35
4 50 41
10 8 15
26 50 13
40 5 24
9 45 2
24 34 7
1
40 48 24
2
25 45 30
12 10 38
22
41 4 24
50 20 27
2 32 36
6 7 11
2 9 2
35 15 12
10 46 38
44 37 37
20 31 16
31 42 3
36 15 46
5 41 38
36 28 37
43 40 40
3 41 48
17 5 49
14 42 36
50 28 45
33 45 38
24 49 8
41 44 40
33 31 26
30
18 11 19
12 50 9
14 43 6
32 47 6
48 40 41
49 19 38
31 13 27
7 11 36
47 4 26
29 36 3
41 4 34
43 14 1
35 19 14
33 25 27
24 17 11
42 6 10
4 33 8
14 18 39
19 45 45
4 47 43
9 33 23
23 33 14
43 47 6
17 25 42
36 37 24
41 46 47
23 4 40
43 44 43
37 40 6
36 32 26
9
39 18 4
11 2 19
4 50 24
22 25 15
7 13 40
50 9 38
24 14 27
16 7 19
5 46 26
11
31 42 29
22 9 34
32 12 3
37 12 28
9 38 43
17 50 34
18 8 22
42 21 48
9 29 19
13 26 46
6 4 49
21
2 14 40
34 28 44
22 39 21
32 26 13
1 27 49
18 35 20
11 7 19
20 38 39
34 13 35
40 19 33
5 10 13
32 3 15
22 23 50
47 38 23
26 36 5
10 7 5
18 25 24
7 14 35
20 50 4
40 32 37
49 46 26
21
12 1 12
36 23 13
32 12 36
7 47 42
18 3 46
38 30 21
44 45 5
15 44 10
6 27 47
6 24 24
6 36 6
31 50 20
42 37 5
41 28 38
45 25 47
24 46 16
18 2 3
13 12 49
39 10 15
13 35 23
50 41 28
26
18 1 10
11 38 14
1 15 1
46 42 49
21 39 15
39 40 17
3 3 17
42 12 34
6 47 6
7 39 33
9 48 18
46 13 35
13 15 46
4 14 48
42 28 45
33 46 16
36 15 6
49 48 8
47 3 49
35 37 6
34 5 14
48 41 23
13 38 18
28 36 32
7 30 37
4 47 30
23
48 18 2
48 15 10
45 19 10
29 6 16
15 12 31
12 4 3
26 44 23
5 29 4
13 10 41
17 7 22
34 10 34
1 19 33
21 29 31
28 46 25
41 26 5
45 31 19
38 3 33
18 8 10
29 50 15
37 22 27
47 7 43
15 40 29
45 20 31
21
29 40 44
19 18 48
15 50 19
4 4 1
21 11 10
50 13 26
38 36 5
34 42 47
49 31 27
43 50 7
35 45 10
4 45 40
3 13 8
6 15 25
18 26 28
30 2 1
15 6 2
9 4 39
39 33 23
39 41 21
33 50 15
1
6 27 39
9
23 8 41
2 15 5
2 35 33
3 16 36
42 33 43
14 41 48
36 29 30
2 19 21
5 4 22
21
11 10 32
35 20 23
36 36 29
38 20 13
42 36 48
33 18 40
48 8 38
35 38 19
39 7 41
43 10 13
4 41 25
23 15 35
11 46 19
30 8 6
15 6 45
34 47 37
43 36 21
31 5 21
37 45 7
48 9 45
40 33 39
13
17 5 19
27 50 37
9 9 43
25 14 37
9 13 25
3 48 46
33 2 18
21 49 24
18 9 19
8 42 9
14 10 3
15 49 20
23 43 48
28
33 39 31
43 1 6
45 48 3
30 2 22
50 2 45
20 10 15
29 1 24
42 13 26
8 13 47
30 5 47
18 35 4
18 42 38
16 46 30
19 17 27
20 12 6
29 28 7
32 1 26
44 29 4
6 25 47
12 23 4
48 27 36
40 14 3
35 46 23
4 22 40
17 29 8
44 35 27
45 13 7
23 16 38
3
40 49 15
3 22 20
1 50 5
30
32 40 15
23 26 10
30 29 33
8 47 11
16 41 46
6 35 10
38 9 25
30 9 41
32 32 13
32 31 17
23 48 28
1 7 11
31 42 33
28 2 14
18 49 23
4 8 41
14 35 46
22 27 35
6 39 14
38 8 48
35 37 31
44 48 6
35 32 6
38 48 36
39 20 13
48 10 30
34 7 35
11 42 48
1 7 20
10 6 25
2
49 47 37
42 46 42
29
34 28 27
47 17 24
28 5 46
13 5 7
12 38 14
31 50 7
7 3 13
21 12 21
21 8 7
12 3 50
41 32 48
7 5 31
14 2 29
18 11 9
5 26 23
7 32 34
9 46 17
20 16 25
28 24 47
32 23 17
13 22 30
20 5 20
23 33 29
33 43 42
8 15 9
41 1 13
37 19 21
4 43 29
28 40 49
28
9 2 8
24 24 38
45 28 9
17 12 37
50 5 28
9 21 36
2 23 1
40 41 21
43 36 2
22 27 50
24 34 27
49 21 37
26 32 12
39 18 6
45 48 23
18 33 24
40 35 34
33 8 35
18 9 24
44 8 19
27 36 40
50 24 15
31 36 13
50 43 40
47 17 31
32 40 25
16 26 42
25 10 32
14
33 33 36
26 42 4
4 29 43
5 5 10
35 40 22
37 34 14
33 1 44
14 42 18
32 17 10
6 29 43
41 16 8
34 19 40
13 13 17
17 22 22
27
13 8 46
49 43 9
32 43 2
47 37 21
28 5 32
36 33 24
28 50 33
11 18 24
25 31 40
43 4 12
50 49 38
45 7 50
37 10 1
25 31 32
30 12 30
14 38 10
14 20 47
31 44 24
13 35 34
19 48 11
17 37 3
26 39 5
37 39 49
19 22 35
33 1 10
20 12 41
41 8 4
7
50 36 31
14 23 17
32 20 27
1 9 29
28 47 33
16 35 31
35 6 18
19
19 19 8
24 38 20
43 30 27
42 18 8
7 40 26
41 11 2
43 19 32
22 15 17
37 1 49
23 6 16
41 16 46
30 35 16
10 11 40
29 20 32
18 47 25
30 48 33
49 32 23
15 48 15
16 46 36
5
47 23 14
40 38 9
19 24 27
30 37 18
8 8 49
25
7 27 5
32 9 2
46 9 35
34 23 32
10 40 30
8 15 43
47 4 3
16 28 29
47 16 46
5 23 46
33 27 22
41 31 29
49 15 10
24 49 7
13 28 42
29 20 1
33 24 9
12 3 7
27 50 22
1 48 19
28 19 25
10 47 7
24 8 50
24 15 48
1 8 21
6
14 22 9
48 46 19
9 50 25
37 1 49
38 48 19
17 19 43
11
2 26 15
50 1 25
22 25 39
7 27 46
23 49 6
20 46 24
31 47 1
17 49 49
6 49 17
22 17 11
47 31 13
25
16 48 7
37 24 47
46 50 45
18 50 50
37 45 26
19 43 26
36 42 26
41 40 44
13 6 4
11 38 18
10 45 32
33 43 47
33 37 36
32 37 31
29 14 50
21 41 38
14 16 7
3 9 42
10 14 34
50 31 48
44 15 9
36 11 18
25 48 3
11 28 35
26 27 16
14
17 16 17
30 33 23
35 43 16
44 8 49
43 40 49
38 4 9
26 17 28
50 14 30
12 44 14
37 22 32
4 38 27
38 10 43
32 25 25
41 26 9
14
47 30 26
36 34 34
11 50 13
12 15 43
23 8 8
11 30 41
16 17 18
5 29 12
36 5 38
26 30 46
6 5 50
41 40 48
42 3 33
6 47 46
27
30 16 6
42 45 47
8 13 16
12 41 29
50 48 17
25 27 14
32 34 15
24 25 12
15 29 47
23 25 42
38 33 50
32 29 29
46 44 21
39 22 30
36 40 41
14 4 40
49 20 17
24 34 50
4 30 24
31 23 40
13 22 12
41 3 49
36 23 32
9 4 28
49 44 18
4 36 3
23 4 18
7
42 6 3
45 37 28
27 9 18
39 33 29
29 35 30
16 9 11
25 12 40
17
11 25 7
29 28 44
47 2 47
38 10 2
34 46 31
11 7 48
49 39 29
30 23 8
47 33 20
21 44 10
45 2 16
24 46 27
26 44 5
35 45 3
32 28 40
38 27 25
28 5 37
26
17 2 14
13 34 36
36 29 45
30 31 10
6 26 38
31 19 44
17 16 46
50 43 37
38 21 12
17 26 48
19 41 35
2 26 3
31 22 16
13 34 3
38 21 34
8 15 39
25 12 21
17 49 37
38 10 37
15 9 26
7 44 42
35 48 12
8 15 14
41 17 46
12 1 8
28 39 47
24
29 39 12
47 39 48
36 50 36
2 9 13
9 4 7
45 1 18
2 18 33
43 34 28
6 36 37
35 27 33
25 38 39
14 37 19
13 25 15
23 37 1
28 43 4
29 13 14
48 45 8
31 23 12
17 11 6
43 44 13
30 34 47
18 2 21
42 16 34
29 18 49
1
49 23 24
7
47 29 35
8 28 30
15 8 4
27 26 14
23 20 9
45 1 44
31 19 45
3
30 29 10
3 1 40
42 1 13
27
28 38 31
33 47 8
49 11 18
7 39 45
1 13 15
47 7 15
9 37 33
41 17 45
45 20 34
36 22 46
23 5 45
21 14 24
31 33 7
19 28 7
31 42 13
40 8 15
28 43 14
47 37 22
18 20 12
39 18 9
45 14 44
11 37 19
43 45 39
20 1 22
13 16 42
21 32 23
13 45 12
1
37 1 19
12
40 4 22
36 45 39
4 39 4
44 1 43
15 44 37
7 15 40
31 28 7
44 50 40
34 14 37
21 14 5
26 35 36
20 26 28
13
16 11 29
11 11 21
26 6 10
34 23 1
16 50 7
9 1 48
44 16 34
16 31 38
42 17 26
13 42 3
25 23 17
38 45 32
43 6 44
19
4 15 6
19 16 14
29 18 12
23 33 47
38 13 37
29 32 12
44 25 16
18 47 32
5 44 15
50 49 8
14 7 29
32 20 34
49 33 5
34 30 33
48 18 5
29 31 43
4 46 23
2 29 16
45 45 34
20
39 46 4
3 2 34
36 23 20
34 6 24
19 37 6
17 4 11
45 34 5
50 31 27
2 11 43
48 7 28
43 12 19
46 46 8
19 15 12
26 38 47
14 45 32
19 5 1
4 9 17
34 36 13
46 30 13
2 9 16
5
8 15 27
3 10 36
23 26 47
48 15 45
11 10 27
27
43 29 16
7 32 25
19 17 12
36 14 43
1 15 3
10 32 31
12 41 17
37 19 15
34 35 10
47 44 36
27 12 12
11 36 6
27 49 12
41 43 33
7 45 18
38 27 20
31 43 29
1 10 43
35 19 29
31 6 14
42 17 12
29 24 39
27 37 49
21 21 27
15 41 19
43 10 28
36 39 17
17
49 47 31
34 15 11
16 20 24
7 38 36
37 13 26
13 1 24
35 22 2
1 14 21
43 23 48
30 13 14
26 45 13
40 5 11
11 29 46
48 16 11
12 41 19
13 16 5
36 17 19
23
5 49 37
48 21 36
27 36 2
3 30 14
44 35 26
5 15 24
4 32 36
16 22 5
30 37 11
15 5 30
13 44 34
35 29 39
20 30 38
50 45 14
36 21 18
2 44 14
33 31 20
6 35 25
44 48 40
48 29 21
41 12 35
20 2 47
1 41 32
21
2 46 5
39 16 24
40 11 39
22 41 8
29 28 33
22 25 24
20 3 45
10 16 29
31 20 28
32 10 9
27 16 11
44 40 15
6 28 3
46 38 45
23 22 18
49 47 47
1 41 18
19 22 37
38 49 49
47 9 31
13 21 12
20
35 4 35
40 33 40
36 20 34
10 43 1
9 40 47
11 30 15
29 3 3
16 3 1
15 11 32
27 32 45
30 18 37
14 7 21
34 40 11
28 43 48
17 39 9
49 3 19
1 6 30
6 8 10
16 41 26
49 38 42
18
49 19 24
12 25 46
47 17 8
25 9 5
41 47 16
39 2 34
42 9 13
47 18 23
14 9 50
15 48 41
33 21 10
9 18 8
25 26 21
35 32 20
32 47 44
35 31 36
45 43 27
12 17 20
16
31 22 16
45 19 8
27 41 17
36 9 26
12 34 47
47 17 16
30 14 11
14 44 48
10 38 24
21 5 43
45 22 10
13 32 41
6 48 35
14 26 14
49 22 1
15 39 12
18
39 30 1
4 23 48
13 11 24
36 17 18
30 40 28
44 21 20
49 19 6
14 46 19
14 17 19
31 7 33
10 9 42
33 8 31
45 31 36
13 49 49
2 28 34
23 49 15
43 4 8
38 23 9
12
38 6 43
18 14 27
27 22 21
9 29 3
5 12 38
17 12 36
19 39 21
43 39 35
37 42 43
26 16 3
31 11 26
44 37 13
10
7 17 9
17 47 11
22 8 49
40 19 34
10 9 5
2 47 41
40 39 35
15 6 37
47 16 13
42 5 25
15
11 8 13
29 5 24
2 12 22
42 33 7
1 41 13
5 40 4
46 28 38
11 33 25
7 1 37
49 5 11
8 17 17
12 42 29
26 13 8
10 20 9
50 32 2
25
11 39 37
6 18 25
16 3 49
25 3 37
25 9 49
32 27 16
46 19 46
23 31 5
32 2 16
31 36 17
22 22 21
41 48 33
43 46 39
47 34 6
7 33 30
34 50 6
2 45 38
34 50 33
36 15 5
23 33 36
44 6 18
42 38 41
39 28 32
25 34 24
7 15 23
9
12 8 21
15 4 8
49 5 42
36 19 48
8 4 35
3 9 2
46 48 45
37 26 26
11 9 1
13
4 19 23
17 28 45
32 31 4
32 36 45
17 6 44
26 9 28
30 19 32
28 17 26
16 44 1
26 2 1
46 26 26
23 21 29
3 24 45
18
9 40 21
27 46 16
4 6 46
36 25 27
13 43 4
28 36 6
5 39 8
2 14 35
24 36 13
28 12 10
18 34 39
15 49 48
22 44 26
46 22 30
40 27 17
27 34 29
15 44 8
31 28 14
5
40 16 43
19 29 4
38 14 42
4 13 41
26 8 17
18
14 21 32
44 13 10
3 39 46
18 4 39
34 36 16
25 3 10
43 32 13
33 45 5
36 9 45
11 19 13
34 2 10
46 11 25
36 6 20
41 44 22
26 12 41
29 21 24
12 34 48
6 40 41
15
10 17 36
21 35 49
4 36 10
1 48 35
36 6 6
29 1 30
4 12 20
32 35 44
45 20 43
1 9 35
17 46 9
3 44 19
40 4 39
37 40 44
44 45 44
11
9 45 26
15 8 46
48 42 39
43 13 33
45 23 18
13 19 26
15 12 44
4 17 34
42 8 27
36 5 22
32 30 5
13
29 39 25
27 31 15
19 43 48
13 16 15
25 36 42
41 47 36
46 16 21
39 25 48
26 31 21
7 11 25
46 37 40
28 4 18
22 3 46
14
28 39 19
4 24 10
44 23 47
39 38 18
30 14 17
5 45 37
12 7 14
9 45 3
36 48 22
9 2 18
48 20 33
21 32 13
43 28 16
32 47 12
2
31 46 13
36 42 50
25
17 49 48
40 7 44
9 44 42
44 2 43
6 49 15
23 22 46
34 14 23
36 48 20
18 45 34
3 36 35
3 35 49
9 28 17
4 21 7
6 16 17
6 30 10
29 27 17
45 1 40
42 22 25
36 6 12
23 40 30
7 39 34
36 5 37
9 13 45
24 30 1
5 41 8
23
44 31 8
38 31 49
29 3 25
16 8 37
40 49 16
48 37 49
33 44 37
41 8 34
14 37 34
18 30 41
50 39 5
31 39 48
33 13 35
42 49 15
40 16 32
27 17 21
22 3 18
29 36 3
18 21 43
47 11 9
37 18 28
25 17 28
39 2 10
12
35 38 18
24 5 2
2 21 22
23 26 42
2 13 44
19 36 38
17 46 46
5 15 26
29 32 5
19 35 14
6 4 7
13 5 41
4
16 35 29
38 12 20
41 25 13
11 10 50
28
23 29 7
29 33 24
42 13 5
48 32 41
38 39 44
1 1 49
18 38 27
8 49 48
48 25 12
11 34 11
39 43 10
24 16 34
36 22 12
19 12 3
8 5 50
10 5 39
47 33 42
46 30 9
20 41 16
6 4 16
50 15 26
17 49 16
38 10 39
1 13 27
5 14 45
12 3 4
44 44 14
26 4 10
17
29 18 20
36 23 37
35 38 14
3 36 29
40 45 20
40 9 48
46 23 42
7 27 46
3 22 11
28 25 22
47 46 31
20 32 9
7 45 46
44 26 32
38 47 34
49 44 25
23 37 16
1
20 49 34
14
16 24 22
46 1 46
6 49 44
3 18 25
34 26 22
19 19 49
43 9 47
8 9 42
20 31 28
41 29 14
14 2 7
16 47 24
15 40 21
34 17 28
10
15 10 40
33 30 38
27 40 36
34 48 27
6 28 6
46 8 19
10 9 28
25 8 1
39 47 24
23 15 3
23
49 34 4
32 13 43
8 3 28
44 50 4
49 30 10
44 37 30
3 46 7
30 3 10
18 1 33
42 16 37
25 21 21
40 14 20
42 43 3
43 49 12
24 10 5
11 39 5
8 46 1
12 7 5
14 41 34
31 27 4
2 48 45
17 17 20
9 21 11
14
48 7 32
22 16 39
34 7 45
41 4 45
4 10 50
17 50 35
48 28 38
1 25 33
17 43 4
27 13 14
36 47 19
1 37 16
9 31 37
12 26 20
12
15 21 27
34 22 11
33 50 1
35 26 35
1 19 38
29 33 3
14 31 21
17 17 38
25 50 25
37 27 46
9 3 8
33 15 24
7
41 34 17
25 9 1
27 29 40
6 14 42
19 46 14
35 13 2
10 12 28
13
32 48 38
6 8 42
14 40 8
5 25 25
31 34 25
8 14 15
13 29 8
33 25 24
18 39 27
29 50 4
28 39 28
35 32 10
27 39 17
30
36 1 15
17 36 40
24 50 6
38 28 13
20 4 38
39 42 14
17 41 17
44 31 47
31 14 8
7 5 24
7 19 5
43 10 41
44 15 9
23 30 34
27 17 21
18 31 42
11 49 31
43 45 47
7 4 43
11 27 23
31 34 29
41 24 37
7 34 31
36 17 26
3 37 49
35 28 27
33 10 46
30 7 6
33 49 1
12 23 9
21
1 45 3
43 20 39
50 3 22
35 19 47
39 7 47
23 36 25
6 46 21
37 4 28
19 4 28
32 26 36
26 28 6
45 18 9
49 39 1
19 38 50
25 36 35
13 11 25
10 31 48
15 8 5
18 36 41
45 21 11
24 29 43
10
17 41 37
15 32 37
34 21 37
10 6 23
24 16 49
35 46 46
49 4 2
16 41 42
10 13 5
33 41 49
30
36 26 29
3 9 16
38 29 4
47 34 28
23 50 26
7 47 24
6 50 25
23 42 19
35 5 23
19 47 23
44 26 42
2 43 28
32 46 32
16 25 19
17 2 17
13 25 39
15 2 48
6 20 3
12 42 27
9 16 11
34 7 30
26 36 25
23 17 29
49 35 10
50 2 27
27 42 43
28 39 8
47 43 22
40 20 29
5 32 41
29
34 11 11
11 49 38
33 15 16
31 2 27
32 3 4
8 44 48
37 35 5
33 27 28
24 46 9
28 30 49
41 40 49
39 27 34
5 44 44
6 21 26
8 24 8
4 21 41
38 28 49
16 5 37
14 15 20
43 13 45
32 13 23
11 46 15
6 39 5
26 16 9
1 25 17
24 16 24
1 16 29
7 2 18
22 23 34
7
41 36 18
24 1 42
34 46 6
40 37 10
17 4 20
18 29 36
41 46 12
22
10 43 11
45 49 14
43 22 37
33 8 6
6 8 47
42 5 4
33 43 15
1 47 34
20 27 22
10 22 35
4 32 26
5 45 37
26 33 33
33 38 27
42 36 9
49 39 17
41 3 10
39 39 44
15 10 44
36 46 14
19 21 25
16 10 31
15
10 50 42
45 38 19
38 23 29
36 14 47
29 16 6
17 6 1
32 17 47
19 12 12
40 33 38
5 42 18
4 35 4
43 3 14
18 32 10
31 28 49
48 36 35
13
31 4 38
12 20 34
33 32 47
22 14 35
26 7 4
31 41 8
24 46 23
43 27 34
23 6 32
20 43 16
23 33 30
45 18 11
26 15 24
6
29 41 1
6 47 4
37 39 13
12 34 35
4 12 18
28 20 2
19
49 47 12
11 22 44
36 16 12
44 43 28
22 33 28
28 31 33
16 19 46
27 5 32
32 18 2
9 37 3
7 1 21
28 46 21
45 9 33
37 36 19
19 15 12
1 48 33
22 43 12
26 24 27
45 27 5
6
46 32 29
3 32 2
32 27 22
29 36 5
15 23 25
36 38 36
20
34 38 35
10 9 29
15 36 4
2 31 31
48 14 9
2 45 10
35 23 34
13 10 38
30 33 12
17 20 49
4 6 20
15 34 3
50 37 15
32 17 31
45 26 32
41 37 31
14 20 34
23 9 19
7 22 31
26 20 12
28
34 31 42
48 14 44
49 3 10
33 19 40
27 46 24
20 33 6
33 4 40
7 13 8
14 34 40
41 6 2
24 47 31
39 42 14
41 2 13
12 43 14
7 18 46
41 24 22
45 13 41
9 22 25
42 11 34
49 14 49
45 47 41
39 12 14
42 25 5
34 38 47
4 33 8
27 6 15
41 49 7
12 25 1
19
3 24 8
1 40 8
48 36 49
36 47 14
27 23 20
12 10 17
15 44 24
43 50 40
33 50 47
46 24 49
22 34 10
13 41 12
48 41 14
46 5 11
19 24 46
30 40 24
24 16 36
25 5 2
24 3 45
9
27 49 2
48 32 11
10 23 24
9 13 39
4 19 50
24 45 47
4 36 23
29 1 10
3 8 11
27
36 28 10
12 26 13
11 8 25
20 32 50
30 46 39
33 15 40
9 9 38
12 44 10
42 47 19
44 4 30
23 15 36
48 30 23
7 6 34
38 6 44
34 46 15
50 35 44
10 24 29
5 34 37
1 2 50
6 33 41
23 21 36
2 43 8
9 29 7
16 24 14
11 39 1
47 34 36
21 14 37
26
3 4 2
3 7 3
11 42 43
33 12 30
36 6 37
44 34 46
10 8 9
22 48 11
19 33 49
41 47 35
46 50 33
4 3 35
45 47 39
6 27 1
14 15 33
47 10 20
6 20 14
5 31 25
38 29 48
36 15 18
37 47 8
39 33 3
36 24 7
14 24 3
30 7 9
40 28 22
30
28 9 41
32 41 17
21 19 15
6 34 32
43 32 42
33 17 44
20 40 2
33 13 5
15 21 15
4 1 38
14 41 9
7 10 36
25 24 20
10 7 40
44 48 48
10 44 42
1 47 24
15 3 46
38 19 28
38 8 44
30 17 47
39 4 13
14 23 19
23 13 45
20 10 7
15 1 50
12 26 11
16 21 11
35 1 27
42 44 14
1
31 10 43
7
25 21 14
21 35 38
27 7 50
28 28 11
40 43 13
50 6 39
27 21 9
1
5 42 7
11
10 49 43
25 5 25
13 31 45
14 1 31
25 30 39
37 9 19
25 49 11
36 50 18
48 28 40
4 20 49
2 14 49
10
37 6 38
1 36 34
14 39 17
38 20 7
27 28 25
3 28 37
38 28 4
38 5 46
41 24 44
43 39 42
23
39 50 28
39 38 12
5 26 30
44 47 36
20 26 13
23 4 49
12 33 3
49 39 48
40 15 43
34 3 34
33 31 38
20 44 29
47 23 19
43 10 23
21 22 17
24 23 36
8 25 10
46 24 22
10 16 20
13 1 11
43 40 44
38 18 29
12 37 48
27
41 21 11
11 45 29
36 17 15
43 43 24
39 18 47
48 35 19
12 37 29
6 26 25
43 44 3
4 32 2
27 44 50
21 23 41
39 39 1
33 14 37
50 11 29
34 29 19
22 9 19
47 33 30
42 37 38
25 41 30
19 40 34
41 30 10
31 33 32
44 19 22
4 49 4
34 18 5
43 38 40
21
7 27 19
1 16 6
25 6 36
43 47 21
35 27 32
17 9 15
11 29 38
16 27 41
50 46 47
44 35 36
20 4 48
35 9 6
42 46 6
39 18 31
17 1 25
25 15 12
5 2 28
31 44 40
29 40 6
13 27 7
16 26 50
21
8 27 32
49 24 37
39 42 19
5 42 46
29 9 9
35 10 38
16 6 28
46 47 33
10 24 39
26 1 40
4 32 10
27 21 19
20 41 20
14 36 8
22 46 13
31 34 43
38 11 28
35 43 45
10 33 40
10 24 49
42 33 26
11
10 14 4
29 4 23
42 42 30
13 37 42
46 22 35
35 32 12
19 26 6
30 8 47
40 31 45
33 16 23
46 21 3
12
43 1 43
36 44 22
49 31 16
46 2 50
32 36 13
1 11 20
30 21 16
21 3 12
3 20 34
50 40 39
3 32 2
46 6 44
10
30 28 21
27 32 22
8 17 34
10 29 5
42 49 20
12 4 31
15 23 17
16 15 7
18 48 8
14 3 4
23
14 41 25
42 22 46
49 40 31
11 19 35
2 19 6
13 22 39
29 47 7
45 11 13
14 8 22
29 11 25
22 37 9
43 35 24
35 17 15
3 4 16
21 9 26
45 49 29
41 5 41
3 19 22
10 41 18
22 17 31
9 26 12
45 1 33
11 16 27
11
15 14 33
38 23 8
32 23 38
24 30 30
26 48 1
35 40 18
9 7 1
19 34 14
13 34 46
23 1 22
37 33 35
19
36 11 42
19 33 29
42 12 9
19 12 9
6 1 29
14 9 31
32 44 46
46 28 41
18 30 14
6 13 48
16 4 47
1 33 34
14 43 3
25 3 46
28 33 15
36 13 20
30 8 35
9 50 18
38 14 13
2
38 50 11
3 6 9
25
47 5 40
44 19 32
10 45 34
31 22 17
15 8 31
34 39 41
46 47 40
28 34 5
15 36 18
19 41 28
26 30 22
44 13 20
40 46 14
12 14 23
21 45 4
9 37 20
7 28 4
42 33 49
27 50 28
19 27 44
50 1 15
12 20 40
10 35 35
25 8 24
21 13 37
27
15 7 34
21 35 37
13 17 38
41 18 17
12 46 11
11 46 27
25 18 18
36 2 2
10 11 27
31 23 14
37 9 22
23 45 37
41 34 9
8 1 23
6 13 16
3 39 27
20 6 39
22 9 13
34 37 50
9 50 10
17 22 40
11 10 28
47 20 1
47 43 41
9 10 1
49 36 6
4 26 10
10
3 14 41
36 50 40
44 50 49
10 23 38
23 34 18
19 3 18
17 47 8
25 8 10
23 43 15
28 21 27
26
10 41 11
45 40 50
41 41 49
2 15 38
26 50 5
44 5 24
12 3 32
36 11 43
10 5 10
39 25 36
31 35 41
23 35 50
15 35 46
32 24 38
31 29 40
35 2 15
40 35 11
50 28 22
4 37 10
31 22 21
15 14 12
1 15 42
37 10 16
11 50 31
39 41 14
42 5 44
21
20 29 17
21 6 41
26 44 2
6 17 24
23 30 37
23 44 31
10 5 46
22 4 28
10 44 41
3 1 37
31 19 19
38 11 40
31 14 10
49 40 35
28 26 43
23 6 15
30 2 37
35 31 48
31 22 19
33 10 30
3 28 35
5
5 14 17
37 29 28
36 18 14
13 44 6
38 1 20
29
8 17 4
27 1 35
8 31 8
42 15 17
9 18 46
13 31 14
1 11 41
36 29 4
1 24 12
38 24 31
4 28 41
6 14 49
39 23 25
3 39 34
20 36 28
2 49 36
13 41 50
43 44 50
16 7 38
41 38 38
20 28 25
33 26 30
5 2 37
45 38 25
32 15 30
30 2 1
20 3 3
16 4 15
22 41 9
4
14 11 30
36 41 6
20 18 37
25 22 24
30
31 21 9
32 5 25
34 34 26
50 6 30
8 23 35
33 46 26
48 7 7
33 49 13
3 16 49
29 37 22
1 47 24
5 21 4
39 48 35
46 27 20
20 12 19
15 39 28
23 47 10
21 9 8
39 8 42
27 31 44
24 6 24
46 10 25
44 46 29
22 16 19
35 36 16
25 14 35
22 25 50
30 34 24
39 28 45
22 23 35
1
34 29 47
3
3 30 38
24 25 36
39 46 1
28
3 26 33
28 25 7
13 50 28
40 44 10
13 28 50
9 41 21
31 24 2
35 5 39
8 29 26
47 27 28
22 9 16
48 15 18
47 45 47
43 4 10
22 5 1
12 28 13
38 29 23
44 19 5
25 45 40
3 22 47
11 37 45
27 7 16
21 5 15
26 16 14
33 17 8
10 29 31
38 2 43
6 8 32
17
1 50 47
3 24 44
15 10 38
42 18 6
14 23 22
42 38 37
24 6 44
33 35 25
22 38 19
27 45 2
29 44 28
2 39 31
13 28 33
31 35 50
5 7 43
44 43 6
50 39 49
4
8 36 13
29 25 33
8 21 34
36 14 11
3
26 37 2
25 1 32
17 33 16
2
17 24 37
5 25 33
24
21 19 48
45 1 8
17 36 36
31 48 45
34 41 30
15 18 18
33 42 19
4 10 3
22 35 40
28 11 24
48 9 9
48 18 31
35 3 25
33 50 43
23 29 23
40 49 9
33 19 25
44 21 7
30 12 13
41 37 34
1 45 14
18 25 11
22 1 11
21 44 45
7
1 50 18
42 50 28
24 20 3
19 40 9
49 4 23
41 40 7
41 37 22
22
42 8 11
37 31 14
15 2 9
18 3 26
9 2 6
35 21 8
5 12 18
3 15 41
45 5 49
35 43 20
44 3 1
25 18 43
28 26 31
30 4 47
33 9 16
5 18 25
16 35 11
33 27 15
39 25 20
31 44 14
35 47 1
5 41 46
12
49 30 21
28 35 19
12 45 35
16 12 11
34 49 21
18 25 35
6 50 6
38 45 20
22 41 20
28 31 15
8 3 37
44 24 37
17
28 39 8
44 2 20
29 2 40
46 27 26
3 28 32
40 24 3
13 15 24
41 47 40
50 2 26
43 25 15
33 34 31
37 3 8
38 44 3
14 19 31
43 2 28
17 6 30
33 29 19
24
24 31 19
23 32 46
17 6 10
2 39 40
38 43 50
25 36 2
41 7 35
35 10 12
3 16 42
35 46 12
16 14 45
49 12 20
5 21 44
45 13 13
38 14 14
25 17 3
31 1 29
41 13 21
8 6 6
3 19 8
17 16 45
30 35 12
2 29 10
14 43 14
1
50 29 6
18
36 24 46
7 5 46
14 47 10
23 4 17
17 6 38
28 24 3
38 3 37
3 5 17
15 20 9
14 49 16
38 46 25
42 41 13
38 3 21
43 21 34
48 8 6
22 10 23
26 49 2
30 17 41
16
10 2 28
24 50 43
13 47 18
4 37 32
43 41 2
35 12 35
34 19 42
5 31 16
31 29 18
12 47 8
13 24 3
14 19 15
10 38 40
49 19 2
41 20 5
2 4 49
5
18 23 47
25 3 13
7 33 30
18 29 39
33 3 44
28
47 48 21
48 10 10
4 8 28
4 48 47
38 2 2
5 24 48
29 28 10
35 12 39
5 40 30
39 44 23
36 16 32
45 25 28
4 2 27
4 48 32
7 1 35
32 49 22
9 10 28
20 1 9
11 30 45
5 2 1
20 35 39
47 12 27
48 40 23
48 21 29
50 5 32
48 28 38
10 7 19
10 17 29
30
10 39 12
16 42 14
38 26 3
34 39 31
33 28 3
32 48 31
32 4 14
31 33 3
40 39 21
1 6 1
39 19 50
32 32 12
7 36 27
45 16 14
24 21 49
23 3 32
26 17 15
10 19 46
49 42 29
6 44 20
26 44 21
9 7 11
45 33 43
12 49 49
34 47 46
37 30 19
3 45 44
23 42 19
16 22 29
10 42 29
16
11 5 14
19 11 24
15 45 16
27 43 17
12 40 14
48 19 34
2 15 27
27 7 46
42 28 26
1 19 6
5 34 41
15 8 1
10 25 21
4 41 38
43 4 16
14 40 27
15
28 28 16
4 34 13
46 14 38
46 34 43
3 18 35
19 25 37
30 49 8
34 42 45
28 47 12
41 36 38
21 2 14
6 14 42
19 4 45
3 48 42
20 33 40
22
12 46 19
42 46 26
25 37 22
4 36 33
47 21 23
17 24 36
22 38 27
43 43 24
45 40 15
16 22 4
11 41 47
8 18 9
45 42 2
30 26 26
2 48 31
26 34 27
15 12 43
9 35 17
48 50 11
22 5 7
12 2 22
31 12 34
1
37 24 13
20
20 18 50
47 22 47
41 47 32
7 13 44
17 21 28
23 20 29
46 41 34
31 4 37
24 35 48
10 8 10
30 7 49
1 6 20
49 39 16
11 32 7
33 12 15
2 42 34
43 25 8
46 13 4
32 10 36
40 21 9
9
50 48 21
50 5 41
48 44 6
10 27 14
42 40 29
43 32 14
37 8 21
33 21 26
14 32 12
20
40 5 3
39 5 23
40 9 15
37 4 21
48 31 34
39 22 14
34 3 27
20 11 48
2 33 25
18 14 36
24 18 8
28 43 47
37 7 38
40 29 29
22 15 16
44 28 13
48 7 4
10 6 37
42 30 6
8 18 10
19
2 27 25
30 21 23
16 30 12
7 8 41
31 22 8
26 2 22
23 10 25
33 15 11
26 46 19
35 13 30
14 39 8
34 12 9
13 25 38
23 15 5
46 22 14
49 44 44
8 20 19
24 33 41
20 1 25
23
39 34 30
2 23 39
38 36 47
50 10 37
24 27 41
20 50 6
18 45 49
26 15 19
49 47 10
20 49 36
6 30 38
30 18 27
17 14 30
28 2 17
4 45 19
6 50 42
50 49 11
16 17 29
14 28 6
12 16 6
43 5 26
10 31 33
26 13 12
10
7 27 29
13 23 47
18 23 39
17 23 1
35 41 29
48 21 36
12 36 42
4 40 19
16 23 1
43 35 14
23
1 19 15
13 42 14
30 16 4
49 38 4
35 30 35
32 50 20
45 35 11
1 27 29
18 1 31
10 35 46
30 1 40
23 14 41
38 17 3
27 23 35
7 7 35
6 28 19
43 41 2
21 21 49
21 2 1
5 49 18
7 39 27
21 29 6
39 33 29
26
45 11 19
1 19 5
8 47 23
50 37 27
20 7 27
40 10 27
46 9 44
5 47 20
25 27 27
15 9 7
26 30 25
46 34 19
44 9 19
30 37 26
39 13 28
50 39 49
8 34 39
6 5 36
32 31 40
43 40 16
22 14 33
5 32 8
15 50 5
1 27 49
13 4 30
3 3 20
10
29 36 43
35 42 30
18 25 22
10 14 37
33 27 19
40 8 28
4 9 35
5 35 33
19 41 14
22 43 34
3
31 9 37
15 3 16
35 27 37
6
46 44 40
26 29 16
12 18 25
44 23 33
9 29 19
42 48 9
21
39 44 21
5 27 31
43 43 33
20 27 11
18 23 50
43 1 17
4 20 43
49 44 25
7 23 44
1 22 2
44 44 5
22 24 43
15 9 49
43 19 44
15 21 13
17 39 30
36 32 24
32 6 29
4 1 29
25 5 38
18 11 38
23
7 43 3
21 3 4
13 22 49
30 44 11
46 32 43
34 15 18
15 23 49
20 23 27
46 29 16
13 39 5
7 44 40
10 49 46
33 47 16
28 7 30
11 1 11
26 21 7
48 19 42
22 47 6
3 13 25
41 19 22
36 8 34
34 3 42
30 20 1
5
12 37 2
23 39 12
50 9 20
49 27 11
22 26 18
14
15 24 40
48 17 8
42 2 16
44 36 20
29 15 42
42 3 43
16 42 6
15 2 26
13 31 36
37 6 4
10 45 47
28 2 12
30 19 11
17 39 4
8
28 31 32
19 34 24
37 27 29
1 30 6
16 10 42
4 15 47
15 9 43
43 13 6
9
22 22 31
21 38 21
48 20 2
19 5 27
5 33 6
7 13 11
24 22 4
27 37 50
42 47 45
2
20 36 9
44 9 42
22
14 14 46
40 14 17
47 32 22
10 38 4
15 44 18
17 20 40
11 46 28
14 39 24
36 24 35
29 32 26
44 29 37
7 48 2
40 19 44
27 24 42
23 44 3
42 33 18
39 12 34
28 37 46
3 21 9
37 48 44
17 37 24
14 40 18
26
16 34 33
42 8 27
14 3 29
7 35 46
46 48 31
25 34 26
29 7 37
15 6 30
32 42 6
45 32 25
29 16 50
38 44 15
40 23 9
26 20 24
23 1 33
8 28 28
16 14 4
22 46 32
13 1 49
46 25 30
14 24 26
7 41 6
31 1 45
1 26 34
3 8 11
32 35 35
3
10 46 40
31 41 22
46 43 20
11
26 43 17
34 6 42
28 15 34
14 47 34
24 49 10
9 1 17
3 35 4
12 30 43
45 22 16
40 14 35
34 30 37
25
48 42 23
27 8 7
40 4 40
14 3 1
24 5 20
28 39 23
41 20 17
35 41 33
26 4 19
10 35 6
3 8 22
10 14 19
13 5 45
17 8 37
22 27 50
10 49 25
32 17 2
22 1 44
28 22 29
12 27 6
21 50 17
36 18 19
41 14 30
48 50 43
24 1 9
22
44 24 27
25 42 30
46 43 24
23 14 4
37 42 11
7 41 28
43 10 48
35 25 28
32 27 22
7 29 30
32 6 14
25 37 7
17 10 31
32 15 28
25 26 3
17 3 39
28 2 45
5 29 39
31 50 23
11 32 6
18 45 12
5 1 45
30
38 16 33
20 31 10
46 6 12
13 10 50
42 13 47
46 42 35
26 43 8
39 24 13
6 20 27
10 20 23
26 4 42
8 14 32
15 27 3
26 29 48
38 25 12
31 11 4
24 20 49
47 35 27
17 13 15
38 35 20
42 29 32
7 10 9
33 12 16
13 11 32
37 23 7
50 26 44
19 24 27
3 2 50
15 16 48
2 36 16
24
47 30 19
3 39 27
37 2 42
50 12 23
38 34 31
37 11 26
8 37 2
10 38 1
27 4 49
28 41 14
7 9 19
47 35 15
48 28 19
11 2 8
45 32 7
5 9 46
41 11 35
31 13 42
34 11 3
26 27 29
36 45 8
22 12 16
1 32 12
2 39 11
24
18 35 45
24 43 43
17 3 27
47 16 18
32 28 20
9 6 1
44 3 8
17 14 24
17 45 37
18 34 50
2 30 23
46 22 42
1 50 15
18 17 33
45 37 31
3 39 14
5 46 22
18 19 17
14 8 33
49 7 49
31 29 16
4 20 19
4 36 17
22 19 17
24
30 10 1
32 48 15
36 44 36
5 14 3
21 21 37
21 27 36
1 7 3
7 26 22
12 12 40
33 32 6
43 32 39
40 46 20
35 34 4
49 38 39
19 24 46
48 11 18
4 14 38
32 37 41
43 26 49
26 31 10
7 21 42
5 40 34
38 45 26
27 36 10
8
29 50 31
28 11 50
31 26 39
12 12 29
6 37 27
31 19 36
40 39 30
44 30 13
10
50 33 25
9 11 10
39 12 42
16 22 41
47 49 29
10 10 10
16 46 38
48 14 26
37 4 7
32 34 21
21
12 16 10
20 26 19
9 38 12
24 11 2
22 10 32
32 21 43
49 17 33
46 32 10
35 38 16
18 23 36
34 32 46
11 2 7
48 13 29
11 16 37
20 47 12
40 42 34
8 24 17
42 35 17
31 50 12
3 35 48
34 33 16
21
11 35 41
9 49 19
19 14 7
40 12 19
31 3 4
41 28 22
32 12 38
14 13 1
16 48 49
49 30 16
35 20 16
33 41 26
46 47 36
7 17 6
12 22 45
39 43 28
3 32 18
15 33 1
14 31 14
45 48 29
17 13 29
5
49 7 38
46 5 24
4 22 31
15 43 26
6 38 3
22
22 10 19
37 24 1
15 40 33
45 34 30
9 50 44
7 8 32
4 13 7
7 34 37
22 28 14
29 15 18
38 34 39
13 36 12
2 19 48
36 50 12
37 44 8
45 27 16
9 35 24
42 23 27
21 37 36
36 6 7
21 45 37
6 6 24
26
40 26 6
27 28 17
13 21 27
9 49 44
17 35 18
10 7 46
31 45 33
16 1 39
38 47 27
43 2 50
21 7 38
48 26 29
20 2 5
18 45 19
2 14 28
10 12 46
5 44 6
5 35 36
1 11 3
4 13 42
13 2 34
40 30 6
43 36 3
39 4 22
5 33 41
18 29 44
26
10 11 34
16 47 21
18 10 25
21 24 16
35 25 1
26 6 7
18 41 11
7 46 35
13 29 27
30 7 21
42 42 28
39 14 37
50 38 4
23 5 21
49 5 43
6 13 28
48 24 3
43 10 23
23 36 31
29 6 43
22 35 22
35 21 15
24 24 5
28 46 4
35 39 28
49 18 26
3
30 24 20
25 33 44
47 19 24
28
41 28 26
6 49 11
10 36 33
16 9 9
43 39 4
21 23 42
3 21 9
33 47 31
7 29 24
5 49 50
32 25 17
33 37 8
18 19 13
26 27 24
14 31 39
38 22 32
11 33 4
7 13 6
37 38 40
36 37 48
10 4 3
46 13 34
14 27 16
43 50 33
23 41 11
46 22 24
28 27 14
42 32 24
30
16 30 22
1 18 19
12 21 23
9 35 7
25 11 24
17 13 9
39 3 19
36 26 44
16 2 7
7 33 32
38 6 11
6 27 29
28 49 31
13 7 43
25 31 3
37 39 27
39 9 43
14 4 33
15 11 19
50 42 34
5 5 42
33 35 30
32 15 35
38 9 12
20 12 26
10 40 1
20 33 37
24 15 28
34 35 41
27 20 8
27
13 33 12
46 17 41
29 34 27
18 44 40
38 5 16
49 45 18
19 29 6
42 45 33
27 30 26
5 1 33
38 12 41
6 2 5
39 30 50
33 20 30
39 35 48
35 2 37
15 7 35
10 42 3
41 17 46
41 1 22
5 41 29
8 45 18
38 47 23
7 28 14
41 25 48
44 11 36
2 48 23
27
48 43 2
40 11 48
33 11 21
37 3 1
44 50 18
31 48 41
37 25 4
29 2 1
24 14 38
28 11 12
22 15 1
33 12 50
45 34 40
50 35 22
49 2 10
48 44 3
22 49 36
23 1 24
37 39 5
49 2 28
13 4 5
26 4 27
12 43 11
46 16 5
49 25 4
45 29 4
43 14 1
25
47 44 40
35 34 44
36 35 23
48 39 30
26 42 8
37 36 18
34 3 24
34 27 30
28 7 35
21 23 36
14 12 10
47 7 8
33 31 45
23 10 30
16 17 29
3 36 4
5 10 40
33 41 25
40 25 9
14 12 36
27 23 6
33 31 21
13 27 19
25 8 2
41 36 26
12
46 29 40
1 38 31
33 28 6
24 4 16
39 16 1
15 38 9
47 20 29
12 46 48
36 3 1
28 41 28
6 32 19
45 12 15
17
1 24 19
27 28 36
15 45 37
30 32 45
28 2 25
39 49 24
26 4 24
6 44 4
13 25 22
10 38 38
35 9 6
12 44 7
8 30 33
40 26 47
43 1 28
41 26 6
44 50 46
4
29 39 3
43 13 26
4 1 16
39 11 23
11
13 50 4
12 10 34
41 49 11
46 41 13
42 33 39
17 29 40
47 17 44
39 32 21
43 34 36
31 44 11
32 47 41
26
17 41 32
7 41 43
5 33 7
48 18 45
14 46 34
10 14 27
50 47 48
44 32 35
26 25 47
8 24 38
50 5 43
43 49 11
25 6 19
44 2 23
41 36 22
7 14 35
3 13 46
35 50 46
11 46 39
34 33 15
39 25 24
39 37 25
46 6 17
48 30 44
33 2 37
48 38 28
24
38 11 34
22 12 29
33 7 19
18 40 33
6 16 6
47 5 31
42 10 49
39 41 42
23 42 31
23 30 10
33 15 43
46 43 30
2 11 4
43 46 38
9 3 5
13 35 13
24 34 11
14 27 2
8 7 43
37 16 15
3 10 39
45 42 23
7 47 18
2 34 20
12
22 5 40
34 41 4
9 24 14
23 3 16
30 11 8
18 29 24
20 38 13
16 31 37
24 27 5
28 12 24
34 4 35
24 7 7
12
1 48 21
25 50 36
4 12 45
23 40 20
44 28 34
9 10 21
32 39 25
9 50 50
44 3 36
18 10 42
17 30 36
18 17 38
12
17 29 13
39 19 34
32 48 20
42 7 42
25 45 16
36 47 17
29 49 2
46 10 46
12 41 31
29 9 18
8 23 29
26 7 45
15
16 25 28
7 31 19
33 28 36
18 24 2
47 24 3
42 36 50
6 26 30
34 37 49
43 9 27
20 17 23
44 46 7
27 14 24
4 49 32
29 2 15
4 7 32
28
22 39 6
27 17 38
12 5 36
5 15 15
24 34 39
18 29 46
44 43 21
49 43 3
29 47 19
32 3 50
23 10 30
41 47 3
47 33 31
11 49 42
44 37 48
25 34 22
19 5 41
11 9 36
9 27 34
11 28 14
23 9 47
19 11 21
3 43 13
1 35 9
40 32 22
23 5 17
27 45 41
35 32 9
22
30 13 17
43 43 30
15 1 27
35 14 49
38 6 12
40 42 20
29 26 41
2 30 10
30 27 50
17 8 11
29 27 32
23 6 13
24 34 5
37 33 21
44 44 6
36 15 45
11 8 36
40 17 15
18 18 18
28 28 47
4 11 15
9 24 46
28
41 45 30
29 27 3
23 20 10
8 36 4
18 43 39
9 9 5
27 27 22
4 6 21
9 17 35
17 42 32
11 21 50
39 25 42
10 34 21
46 37 45
38 28 2
49 32 21
25 6 29
30 26 7
48 12 12
39 46 20
12 45 39
36 38 1
20 10 40
8 4 49
35 7 46
19 27 34
24 8 34
1 16 10
21
39 14 30
27 9 49
40 5 37
26 43 40
47 2 29
4 8 29
39 14 25
7 43 10
32 2 43
32 17 2
45 46 44
6 47 32
10 35 11
4 24 50
8 2 27
15 33 23
28 7 27
20 16 17
21 10 25
40 13 6
37 6 39
5
40 33 40
2 18 50
5 43 1
12 47 28
26 29 50
28
44 6 37
20 25 4
25 48 13
15 39 27
50 25 32
41 8 21
42 27 22
49 21 25
12 17 2
40 45 3
45 33 31
21 36 26
20 48 46
8 24 22
33 8 37
42 30 38
20 4 28
40 28 20
7 29 20
3 33 31
36 15 20
23 41 16
21 38 37
46 9 6
5 47 16
35 34 48
38 14 41
15 33 10
11
9 45 4
12 27 34
49 42 6
21 34 21
43 21 7
41 31 15
47 30 30
31 15 29
20 28 19
36 12 30
32 15 30
29
2 9 49
2 2 6
24 37 26
19 9 35
11 41 49
7 20 30
40 37 8
9 14 28
47 28 7
28 42 38
38 42 28
41 47 29
27 25 32
35 9 6
28 7 24
49 38 34
35 45 40
1 24 31
28 32 42
19 19 38
13 49 17
11 27 5
35 9 47
43 16 24
1 39 10
38 24 39
34 15 38
7 46 22
38 37 22
21
22 9 26
34 7 42
44 35 48
29 45 45
23 10 20
24 48 31
13 23 20
47 38 7
5 35 30
45 21 2
3 46 4
11 39 25
47 37 8
42 31 4
1 2 34
1 32 6
23 1 31
12 7 44
46 39 40
18 42 46
15 45 40
2
4 4 20
1 40 27
12
15 44 22
21 44 23
1 46 6
46 21 7
35 32 15
33 30 3
22 47 44
16 12 41
19 17 10
21 8 38
14 31 20
10 5 34
4
7 5 10
2 25 18
39 9 33
21 38 37
3
23 42 36
32 7 49
19 28 15
4
4 40 50
8 24 14
18 29 25
35 35 29
6
14 19 39
3 8 29
38 40 1
39 14 44
5 47 3
29 17 30
11
44 32 7
18 42 30
49 9 8
4 45 45
19 16 35
23 23 13
10 14 13
50 29 6
5 25 10
33 41 39
16 49 20
5
35 7 30
35 17 38
40 14 34
8 29 18
30 3 32
4
1 41 16
11 43 46
1 47 20
22 31 12
13
42 39 48
29 25 5
14 9 23
31 48 36
12 7 14
7 38 18
10 28 35
22 20 30
24 18 1
46 50 13
36 48 25
10 4 18
18 26 49
12
45 17 12
8 23 27
15 10 45
26 39 31
49 11 11
22 30 11
19 30 25
4 27 1
13 30 19
32 5 17
48 18 28
22 47 22
10
46 31 43
23 22 23
21 32 35
42 13 46
11 42 20
14 18 21
29 49 41
10 6 7
10 25 36
31 21 8
9
36 14 15
10 35 40
30 18 24
23 32 19
35 24 41
49 41 11
29 42 1
38 47 9
49 21 44
3
43 30 44
30 45 8
39 31 47
21
41 20 50
31 43 31
43 27 4
45 27 47
3 5 38
47 45 36
49 43 6
44 24 1
23 18 9
12 50 7
33 49 29
25 30 20
4 33 2
30 31 45
37 18 39
33 3 44
27 11 40
1 13 40
20 23 35
22 30 8
20 10 21
23
28 49 31
33 34 33
12 14 29
50 34 19
32 38 12
9 48 3
11 11 43
32 35 27
3 14 36
25 26 6
23 6 9
8 40 38
22 20 22
5 39 35
42 50 35
42 5 18
4 49 26
38 27 38
4 13 22
29 20 26
36 30 50
28 17 23
47 38 30
13
9 37 25
1 39 9
44 43 26
49 41 4
38 17 43
41 29 14
21 1 42
9 30 41
36 47 15
34 36 47
21 10 49
9 20 10
3 48 12
5
5 43 1
42 11 45
35 42 11
5 42 2
15 21 42
9
5 50 19
5 36 7
14 6 16
27 16 38
31 18 35
37 12 37
29 22 31
13 13 41
19 4 42
26
44 34 25
50 35 43
6 20 49
22 27 17
48 42 4
31 11 40
17 22 26
45 44 6
9 8 47
28 12 40
11 38 25
45 30 20
17 31 19
43 49 25
37 4 48
47 43 45
21 18 25
14 25 42
23 21 38
34 13 49
21 37 26
3 7 38
33 27 34
31 3 50
34 50 43
28 45 29
17
47 45 21
12 21 14
35 44 4
18 6 2
41 42 27
43 50 16
27 27 49
9 29 1
44 29 45
21 25 23
17 45 1
37 11 48
30 14 9
35 15 43
29 43 13
30 8 3
6 6 47
3
33 37 8
26 17 2
46 41 26
7
24 12 37
34 48 47
29 30 10
41 16 24
45 44 16
43 24 23
17 31 31
28
42 49 19
17 24 35
43 19 25
18 32 14
2 31 10
30 10 20
22 26 45
18 21 13
10 46 37
26 27 17
24 45 7
49 30 48
19 6 16
50 19 9
30 31 26
40 2 29
17 46 10
37 8 31
33 45 48
9 13 9
5 21 34
36 20 9
44 36 7
12 44 25
44 21 24
45 50 6
41 9 45
50 42 11
17
31 46 41
41 11 50
46 31 33
33 1 42
26 38 50
40 33 25
33 3 50
28 4 5
20 15 1
21 6 13
17 46 12
29 45 42
9 30 33
11 23 28
50 22 10
32 46 38
37 48 27
29
38 40 2
9 6 5
30 13 17
48 9 28
26 5 22
36 36 4
47 8 33
46 30 44
30 27 31
16 24 7
7 28 18
13 32 7
25 50 16
35 30 47
42 1 46
27 4 21
37 36 8
16 29 4
42 12 2
18 20 33
47 39 48
30 46 4
29 13 18
8 9 43
8 4 29
13 26 20
48 33 49
29 39 35
42 42 2
15
12 11 24
8 50 21
37 47 26
18 9 44
25 19 38
35 22 16
47 49 38
47 33 36
27 21 22
18 14 23
28 37 17
29 9 31
25 37 40
33 30 27
1 17 46
10
6 24 34
3 24 21
1 7 8
27 29 31
44 45 3
23 31 22
4 42 2
28 28 41
13 9 19
13 27 16
26
43 39 10
47 12 33
47 20 42
25 1 23
18 45 27
43 25 48
46 18 1
25 47 44
37 5 14
2 31 30
42 43 17
3 27 9
25 18 6
25 42 4
19 21 29
45 18 48
15 21 42
11 14 37
16 27 14
48 6 50
42 22 3
18 33 44
38 40 49
31 43 23
1 23 49
21 21 19
23
27 41 12
40 4 1
7 32 16
4 40 17
48 13 20
15 45 15
4 34 13
35 29 37
35 1 35
5 23 5
45 37 18
50 39 46
34 4 35
23 20 41
37 39 47
34 4 44
19 18 10
47 5 14
50 41 48
24 48 34
10 15 41
48 12 37
3 49 39
22
46 23 41
32 13 37
17 18 32
36 36 42
32 42 7
33 34 6
7 31 39
16 47 29
16 11 18
18 9 6
42 49 27
5 38 24
22 21 7
9 14 24
2 20 9
38 25 42
18 16 25
17 46 31
27 13 48
35 18 13
35 46 33
24 19 24
10
4 45 28
14 8 1
16 30 9
3 4 2
22 21 26
38 17 8
14 31 6
50 49 20
37 46 4
10 17 28
9
12 6 44
26 14 44
43 43 4
45 48 5
18 21 33
6 39 40
21 19 47
23 19 17
9 15 20
19
8 18 31
21 24 26
48 39 19
40 33 24
36 32 30
4 2 12
11 40 4
31 9 50
3 29 16
13 43 38
33 25 38
8 50 45
46 20 18
30 45 15
11 25 5
13 38 40
4 43 45
14 43 5
43 10 38
12
5 37 49
37 12 37
44 13 31
41 35 50
20 29 15
32 5 19
46 45 10
50 37 7
13 31 11
7 41 48
44 39 42
7 25 46
14
29 19 8
19 5 7
40 36 23
21 40 43
17 36 3
16 23 9
30 3 21
37 45 21
32 34 12
38 10 7
8 19 42
13 28 20
48 50 38
39 43 27
29
15 25 47
30 49 5
12 3 27
48 48 47
31 33 8
18 42 16
27 13 7
41 40 26
38 39 15
29 33 43
5 29 42
3 35 6
5 12 38
2 10 1
36 18 48
28 35 30
42 42 47
31 19 25
21 36 16
4 30 5
34 21 33
19 29 37
32 18 41
41 18 48
10 17 1
45 46 37
38 44 14
6 18 7
43 33 37
17
12 23 38
46 43 22
16 23 11
49 42 1
41 9 50
1 25 1
47 22 37
34 15 2
41 35 8
34 19 44
8 6 2
2 30 14
25 40 11
16 42 28
27 44 26
3 44 16
27 30 18
6
1 41 31
42 27 38
27 46 33
34 3 34
35 32 49
11 23 11
8
15 29 17
33 7 10
2 9 3
18 35 34
18 28 14
11 4 3
37 1 35
22 4 20
11
33 9 37
23 21 10
39 49 28
21 5 37
23 16 41
40 50 24
9 29 39
20 35 41
8 35 27
30 38 48
40 27 20
13
27 10 36
15 9 15
36 15 3
10 30 43
1 32 18
9 10 8
30 46 50
38 31 28
19 20 25
8 46 47
17 33 1
27 47 27
42 1 41
8
39 21 45
39 4 12
50 16 19
29 11 20
18 41 47
36 13 22
43 10 20
12 43 20
8
40 38 41
20 29 42
8 2 36
47 5 50
48 22 20
28 33 40
46 25 36
31 37 9
30
49 26 47
48 37 41
38 24 33
7 5 24
14 6 12
12 12 13
11 34 32
39 18 23
34 42 11
16 31 19
43 27 49
31 19 49
7 1 47
11 27 34
18 40 42
31 2 5
16 35 19
33 8 29
25 18 19
5 38 2
33 38 20
1 37 12
3 35 43
29 18 49
18 11 11
21 15 28
6 35 10
13 16 26
32 34 8
19 38 34
10
22 7 7
24 45 20
27 29 14
7 48 14
27 8 24
47 24 3
4 9 13
18 26 38
49 9 47
20 46 31
20
44 28 4
19 22 26
45 2 39
4 49 3
32 6 28
30 31 33
34 41 45
3 16 34
4 25 32
23 22 14
2 28 34
23 3 29
26 43 47
24 47 44
31 25 49
11 9 30
2 5 9
17 38 44
43 21 47
17 35 2
4
25 44 20
49 48 48
24 40 46
49 39 39
27
18 29 15
29 41 23
24 42 27
20 11 16
23 5 36
46 21 22
22 16 41
22 15 40
47 7 36
45 45 26
25 9 15
18 33 32
11 9 10
21 26 34
28 11 5
50 33 28
18 25 25
32 15 49
38 2 20
34 27 19
44 41 15
26 25 40
34 36 7
9 21 19
22 28 40
6 5 19
30 31 18
25
19 46 29
8 47 1
42 26 19
35 18 33
13 42 24
48 30 32
9 50 1
30 27 42
37 33 10
16 16 29
14 44 14
12 46 32
37 16 39
5 1 32
48 24 19
29 8 31
29 10 28
7 1 36
40 12 17
5 40 3
50 5 21
48 38 34
13 29 47
13 10 34
39 30 40
29
18 46 10
46 7 40
4 9 25
43 20 44
49 11 46
1 18 16
48 5 1
10 35 48
25 47 33
13 26 22
10 38 12
16 27 29
24 3 26
45 46 30
7 42 24
24 9 23
31 12 23
15 11 20
11 43 31
39 16 5
26 29 19
2 8 30
6 35 47
2 14 22
45 38 16
5 12 25
16 36 48
28 7 30
22 37 45
7
45 39 44
22 18 12
25 27 44
31 11 40
34 25 12
28 14 27
32 25 3
21
32 50 12
26 27 18
35 1 4
31 39 49
3 8 13
27 34 6
9 45 45
42 21 6
21 34 35
3 10 37
4 21 39
32 38 21
32 43 48
23 42 34
30 4 15
14 9 17
8 5 45
28 11 6
13 47 47
24 33 20
44 24 22
7
8 33 46
42 27 43
14 18 27
43 23 43
8 33 9
17 38 5
44 50 12
29
28 8 46
1 31 30
27 26 3
36 8 48
27 35 43
40 4 21
35 29 13
42 11 21
9 50 27
4 49 39
14 44 49
44 24 28
20 28 30
29 26 8
15 20 43
21 40 22
49 2 11
11 24 47
11 50 41
9 40 1
5 38 6
30 17 19
7 46 13
34 3 34
3 48 12
42 19 27
43 31 49
16 30 47
18 20 7
9
30 7 22
34 47 27
13 13 46
21 11 10
5 15 43
7 14 4
1 32 32
43 15 30
11 44 28
27
5 30 15
34 36 36
19 34 12
33 49 7
4 9 16
10 25 8
18 39 14
18 22 47
13 38 29
25 31 8
4 45 44
39 30 1
25 42 36
23 50 7
33 18 39
7 27 44
47 42 5
21 39 23
8 19 42
41 28 4
35 22 28
17 24 31
10 11 22
9 17 46
28 8 20
5 1 2
46 6 10
29
29 36 30
38 6 21
28 34 25
13 7 4
31 30 37
40 40 10
50 9 7
28 16 26
32 16 27
29 23 38
15 2 46
20 25 26
5 49 16
11 4 43
40 40 7
32 49 37
40 5 28
5 32 28
22 10 5
47 48 38
50 45 18
24 23 32
24 38 4
30 32 8
21 39 21
22 27 12
28 5 43
10 34 34
19 40 40
4
12 18 27
11 15 44
37 39 28
12 28 33
22
12 41 9
24 14 49
18 35 26
2 12 32
43 21 15
6 42 4
17 9 32
30 25 27
18 13 6
29 40 38
22 1 32
37 49 43
21 26 18
32 9 36
3 23 39
46 28 31
6 11 39
31 40 5
45 45 36
37 35 3
37 16 34
37 10 7
23
13 15 28
46 23 15
50 46 3
45 25 35
1 38 23
33 27 30
29 21 15
15 5 20
3 22 5
42 32 13
6 9 5
28 25 19
25 27 16
2 13 16
39 36 12
15 17 14
35 33 46
42 4 27
13 8 41
44 20 46
4 26 37
28 46 44
6 12 23
18
1 19 29
39 6 40
5 24 4
41 6 1
32 10 27
47 19 20
40 41 15
46 18 3
25 14 48
31 27 20
1 5 19
6 46 19
31 49 9
36 2 13
47 28 4
16 47 37
8 13 33
25 15 25
10
44 38 14
26 16 34
26 22 4
33 18 23
13 18 33
1 19 46
47 49 1
14 45 37
21 10 20
46 24 46
5
10 35 38
36 1 23
13 22 26
46 41 50
10 11 33
10
30 10 29
18 7 29
39 20 24
34 43 35
50 38 8
12 22 47
49 24 21
11 48 47
8 38 48
18 48 30
21
42 27 29
10 35 9
48 7 34
34 49 18
33 36 26
44 9 24
44 33 47
5 30 45
12 19 42
31 19 24
8 47 34
44 7 26
50 41 35
48 8 34
35 33 17
46 9 2
28 5 47
9 49 41
27 42 47
45 15 8
43 49 41
20
43 50 26
43 40 12
42 49 45
29 32 14
24 42 15
3 48 13
11 48 3
39 39 49
36 6 9
30 6 49
31 31 50
22 42 42
21 38 36
4 1 30
47 15 8
44 30 31
43 32 33
33 33 45
38 43 33
43 43 18
8
30 25 42
2 16 33
22 4 21
25 6 50
21 23 7
16 2 39
8 33 21
42 17 17
29
19 30 9
18 24 1
47 49 42
48 16 27
21 21 47
47 27 48
19 49 4
34 2 44
43 34 16
35 3 32
16 11 30
41 14 50
41 7 17
7 33 14
29 31 13
7 28 34
7 33 32
8 26 1
44 41 36
46 22 29
6 4 15
21 3 32
28 20 22
12 35 13
43 47 21
22 32 49
7 14 6
34 16 12
27 1 20
15
10 50 29
17 3 45
38 8 26
15 29 48
28 15 12
22 13 32
44 45 30
2 10 37
35 25 1
11 25 20
13 6 36
15 2 45
24 28 11
4 27 50
18 38 16
14
15 31 21
10 27 50
11 36 39
48 12 39
10 38 10
22 45 45
39 49 39
12 26 1
16 4 1
35 43 16
15 13 9
41 14 26
28 2 35
41 40 46
25
4 31 49
26 25 45
14 23 33
27 50 34
44 5 36
29 49 3
43 11 14
36 27 39
15 28 23
6 20 20
38 20 14
14 15 20
39 49 45
40 34 10
45 21 38
45 24 32
8 37 12
34 25 6
13 49 43
34 19 8
4 34 15
20 3 2
20 49 15
6 10 3
26 50 43
29
33 49 33
40 37 44
23 11 49
38 12 44
21 30 1
26 15 15
47 20 18
19 18 32
24 30 37
1 29 31
2 11 19
38 6 1
1 6 43
12 49 17
43 49 4
7 15 25
28 32 2
48 16 49
27 4 17
7 34 42
19 2 42
24 4 43
31 46 33
30 13 33
30 16 46
47 42 38
30 46 46
47 44 24
50 12 21
9
5 33 3
25 34 46
48 38 41
30 35 23
9 49 5
41 17 2
39 8 39
18 3 36
15 48 9
21
31 14 11
35 47 15
9 32 11
8 21 3
38 6 25
48 6 31
40 22 32
28 32 22
46 36 7
12 34 18
25 46 48
23 11 29
7 23 15
27 25 26
34 1 35
40 31 22
11 14 22
42 35 11
28 41 39
13 10 36
10 10 47
3
46 20 38
2 44 4
30 20 31
6
39 14 20
10 5 2
23 17 15
11 11 49
46 40 42
44 4 3
22
1 16 13
5 13 35
37 16 28
2 46 48
41 11 19
2 17 21
24 33 35
34 43 36
31 34 29
26 37 31
42 50 43
6 34 43
22 13 49
17 12 36
29 31 37
45 1 29
29 35 31
22 22 6
7 50 42
44 31 24
45 25 50
28 17 41
8
19 42 16
37 4 1
15 34 39
11 34 18
40 20 50
13 42 5
19 43 46
14 25 20
1
13 8 49
26
33 10 37
33 29 29
23 15 34
40 32 17
41 44 2
48 33 23
45 47 16
16 18 9
36 31 33
48 39 34
8 25 49
36 5 31
2 38 15
35 6 37
29 9 29
13 34 19
10 49 16
27 9 11
9 44 28
47 27 14
24 27 11
28 7 18
18 21 5
25 9 9
34 37 43
17 8 23
6
47 17 23
25 26 35
33 21 13
30 47 28
5 23 38
34 31 8
24
24 3 3
17 28 11
41 11 48
26 29 5
22 47 29
46 22 16
31 44 30
12 42 7
16 14 46
49 46 5
2 48 19
31 11 42
43 10 10
21 16 3
17 46 28
41 11 2
36 42 49
28 50 29
43 46 40
39 2 7
38 20 8
48 14 11
7 25 41
22 27 33
15
23 20 7
15 30 10
1 24 8
28 23 39
20 18 30
10 20 37
48 41 46
47 6 6
4 33 46
27 11 30
46 19 36
28 28 8
1 38 25
25 28 25
43 7 4
25
35 14 45
34 6 40
30 14 47
35 48 44
14 8 23
11 27 8
40 6 18
40 43 42
15 20 16
9 29 21
24 25 45
31 17 31
46 13 16
43 7 46
3 31 32
31 41 45
36 8 8
31 49 47
50 16 39
30 38 5
5 32 15
21 15 40
35 30 22
41 27 18
24 11 12
4
46 14 7
34 21 14
14 19 13
15 36 1
15
21 45 23
10 49 6
31 21 22
50 5 2
12 48 30
27 21 40
25 34 49
8 4 12
21 24 24
35 11 26
29 33 32
29 40 2
1 12 13
6 15 44
3 46 45
28
35 23 36
9 8 34
18 11 47
38 36 23
22 46 48
3 30 30
33 21 31
34 32 46
41 46 39
45 42 35
19 29 43
26 14 29
38 12 37
25 34 4
22 32 43
1 13 16
21 43 20
5 38 5
50 28 38
43 15 30
23 7 24
38 35 44
50 23 19
33 28 8
16 20 32
28 37 3
23 7 5
12 11 25
9
31 42 50
25 6 31
50 14 4
37 50 47
36 22 17
21 1 24
38 22 5
18 8 9
40 16 13
29
20 3 26
50 46 27
26 3 7
25 16 12
12 15 10
49 38 26
21 40 1
9 11 7
26 21 15
17 36 27
19 14 16
17 40 35
19 47 36
35 8 11
1 18 38
41 45 49
30 46 49
41 2 20
13 19 28
48 45 5
11 12 21
1 46 41
49 33 7
8 44 28
25 33 14
22 31 14
17 31 6
20 50 36
38 29 28
20
39 35 33
50 46 5
2 42 48
50 24 6
9 19 33
36 1 46
7 33 12
25 14 17
44 15 4
34 44 33
18 28 24
13 33 13
6 32 14
32 37 15
50 20 16
3 17 24
37 28 9
2 47 17
17 50 41
12 35 37
20
37 39 8
1 23 22
7 4 35
38 43 1
37 12 18
41 28 44
28 8 4
29 4 21
45 5 11
8 41 47
49 49 18
23 20 4
27 7 5
21 9 13
32 27 50
11 20 38
20 25 29
25 45 6
30 8 36
20 6 33
10
38 20 26
11 42 29
39 50 35
9 8 47
42 34 48
4 5 36
26 30 14
50 26 21
31 35 6
3 41 40
10
19 24 16
31 15 46
21 14 33
29 24 31
22 7 29
28 14 14
3 43 29
4 20 49
37 5 6
39 47 46
7
45 12 14
28 29 9
48 44 43
29 17 24
2 26 2
29 39 15
33 33 43
23
48 39 2
45 25 8
23 13 4
20 26 17
47 6 28
44 50 20
22 18 45
26 45 46
4 33 10
39 17 4
29 21 46
3 28 46
17 32 42
44 50 15
50 27 36
1 49 32
18 43 27
13 39 1
47 50 26
16 6 31
36 3 21
13 50 49
44 44 1
27
13 44 10
12 22 45
12 20 26
31 15 4
45 5 4
44 6 31
9 11 12
44 16 32
8 15 31
2 8 33
47 17 2
20 11 14
42 38 25
6 42 38
10 47 20
15 28 17
28 39 10
43 22 20
9 2 15
17 35 22
35 36 25
48 1 23
37 25 43
30 14 34
27 33 41
6 1 2
46 12 18
5
39 17 33
48 21 47
16 7 21
2 44 45
1 44 20
22
47 38 20
37 17 33
38 45 17
5 50 20
2 45 31
42 14 14
39 34 10
6 42 32
10 35 27
10 28 48
47 47 9
16 31 7
10 49 43
12 18 32
8 49 38
21 14 41
6 23 33
47 7 23
31 35 29
10 32 38
8 40 47
40 48 46
21
22 39 40
35 6 23
43 6 12
15 19 3
21 44 35
19 50 9
50 34 37
11 15 26
21 6 25
10 3 20
48 44 32
6 16 5
11 29 40
30 33 32
23 19 46
24 28 18
7 14 37
21 42 38
26 16 50
30 37 20
23 20 30
27
32 40 24
45 18 13
24 1 46
48 19 44
21 48 13
29 12 49
1 5 38
26 20 38
5 8 7
29 27 36
18 2 15
37 17 48
37 12 42
8 7 17
5 20 16
18 20 38
22 10 16
43 47 16
2 5 43
30 43 49
32 7 27
48 6 46
11 50 33
20 18 21
41 34 28
10 23 35
21 39 4
18
22 17 6
24 24 1
3 16 49
34 24 28
33 29 23
44 30 5
13 48 28
5 33 5
14 5 41
37 45 45
5 1 24
28 1 45
43 1 18
16 28 23
47 3 8
26 7 41
25 34 36
7 41 50
4
19 12 33
5 6 29
10 6 2
37 8 49
16
40 32 9
48 47 36
40 45 38
25 23 47
24 47 32
27 4 24
45 15 9
50 20 37
9 28 41
47 35 39
28 45 6
27 31 46
21 20 45
43 18 34
40 50 8
45 25 31
27
3 9 33
2 30 20
12 9 12
9 46 50
38 40 5
14 22 50
35 42 44
29 11 27
20 12 36
14 37 16
24 19 24
6 40 27
14 1 30
9 2 42
1 7 2
22 8 39
15 4 3
26 30 39
37 18 19
23 33 41
44 7 6
35 35 32
38 14 37
39 7 2
47 8 13
5 49 13
8 3 34
9
24 39 43
12 6 13
35 41 3
30 49 11
14 33 42
3 48 30
44 5 31
40 14 43
46 12 7
21
41 3 16
16 44 8
27 49 21
11 41 25
42 39 35
8 23 28
10 21 7
3 27 40
45 40 34
40 4 41
45 19 31
38 29 23
38 49 38
29 25 14
19 12 27
42 39 18
12 48 25
38 37 37
29 20 41
32 12 37
3 44 27
11
10 31 16
47 29 3
25 5 19
44 16 45
37 7 14
50 4 41
39 42 29
17 13 19
1 25 8
3 18 34
33 34 6
15
13 13 38
40 17 6
35 33 2
21 39 18
20 44 8
8 35 38
24 47 8
24 23 15
28 41 50
10 26 5
22 13 21
39 21 34
23 24 23
13 41 7
6 50 29
8
7 42 37
32 40 45
6 13 9
35 3 9
45 30 15
16 42 36
6 14 21
28 38 43
21
29 40 28
28 47 28
34 40 14
15 30 10
22 42 19
7 46 27
3 25 43
18 18 28
24 34 48
3 21 42
45 50 44
41 29 24
31 45 1
10 4 36
3 24 3
50 2 26
24 45 34
43 22 36
26 20 6
48 13 31
48 7 33
17
20 28 30
50 22 33
11 28 18
15 1 22
14 3 48
39 47 33
33 18 19
9 39 26
8 4 6
7 10 38
35 39 17
8 21 36
35 41 37
36 12 49
38 11 15
34 44 28
3 14 18
20
10 44 39
18 47 46
24 6 35
10 46 1
18 19 38
2 9 26
37 22 26
26 33 40
11 28 19
14 41 36
7 31 36
5 26 47
10 10 14
7 13 40
25 50 1
33 28 18
7 3 20
39 43 8
18 11 36
10 49 46
19
17 40 34
21 17 30
32 26 46
39 40 37
13 42 37
48 19 5
4 23 26
44 15 35
11 28 20
22 26 16
11 11 26
27 42 43
4 37 15
46 25 47
37 12 37
7 18 49
29 45 48
46 29 3
25 1 48
8
31 50 18
41 10 43
19 1 37
25 40 4
20 14 50
8 27 36
14 44 36
44 38 36
28
36 41 19
45 15 21
26 14 38
18 25 32
39 28 19
13 19 22
34 34 23
43 11 10
8 6 47
1 46 32
42 14 22
6 34 9
22 23 5
46 4 32
25 24 50
43 47 38
27 19 2
39 30 37
44 29 29
39 12 36
4 33 36
37 43 29
11 48 37
15 29 10
40 30 7
37 19 32
7 20 26
39 6 2
12
36 17 34
24 28 19
30 11 7
16 5 37
29 2 25
45 33 34
34 12 41
22 31 22
29 2 47
17 8 1
33 43 42
10 14 29
5
34 22 22
1 27 10
29 30 35
23 12 18
9 24 8
1
28 30 6
17
16 30 8
11 23 26
24 2 8
47 6 20
6 39 41
40 39 19
8 20 49
17 42 10
48 50 35
25 30 40
6 39 47
28 15 14
29 22 24
34 41 49
24 34 45
15 2 1
34 50 42
29
18 25 12
15 27 46
41 8 36
46 46 34
25 10 49
4 34 23
39 26 21
13 11 18
29 13 18
12 14 9
36 25 10
14 23 29
21 10 43
19 45 35
28 43 30
13 17 4
39 38 9
1 7 50
13 24 14
29 34 42
5 45 3
27 23 40
36 17 4
30 1 26
25 32 44
41 38 24
30 46 36
36 45 26
11 8 27
21
19 47 49
26 43 3
2 18 43
40 34 48
19 37 23
45 18 19
36 5 42
17 3 29
3 47 7
15 7 35
11 7 27
4 10 46
21 2 23
6 49 24
42 23 13
10 41 34
16 34 30
18 13 15
17 21 32
25 5 36
31 31 50
23
18 42 28
40 45 50
45 45 26
39 18 40
50 10 25
15 44 5
35 8 19
3 28 2
27 34 39
9 16 41
1 44 3
45 45 20
40 22 9
9 12 5
18 36 43
13 40 44
20 11 9
49 14 45
34 3 47
50 45 25
45 47 33
39 18 35
11 28 30
21
31 24 34
50 9 29
13 1 22
34 13 30
35 26 26
18 30 22
17 24 48
11 22 31
2 41 15
14 18 46
37 2 18
47 30 48
49 3 50
13 35 14
39 10 49
20 34 33
46 31 3
19 11 19
10 28 32
29 23 35
32 43 48
26
34 13 40
35 16 41
47 50 4
37 9 3
7 42 37
4 25 39
22 37 8
33 14 41
12 39 25
43 31 24
6 22 11
21 13 44
22 18 28
30 20 25
24 7 11
50 45 19
36 4 24
2 46 46
40 20 28
22 45 41
43 5 34
7 49 41
25 28 13
46 4 34
4 17 15
1 35 40
19
27 4 9
28 50 6
17 21 35
40 16 26
32 20 11
41 20 3
17 48 17
12 3 50
16 19 16
16 6 8
21 14 48
22 21 24
45 5 1
10 32 19
31 44 8
3 46 42
2 12 32
4 13 48
23 31 11
18
45 28 38
16 43 35
39 15 9
33 19 11
44 3 30
27 46 39
29 44 30
30 7 11
35 22 10
9 2 21
38 41 50
30 27 45
44 37 12
15 48 50
17 29 35
14 17 28
9 47 4
16 9 34
25
50 37 21
8 40 41
46 30 40
27 6 36
23 43 47
39 42 49
7 20 33
20 38 12
29 36 18
46 47 1
32 17 16
21 9 17
2 50 26
7 36 23
1 32 50
42 30 24
13 14 12
1 26 18
36 43 39
34 45 19
50 10 16
8 28 47
8 4 19
43 26 20
26 27 29
19
21 8 50
33 23 13
35 48 32
23 42 23
6 37 43
6 46 9
15 26 5
22 29 26
16 4 45
44 33 25
3 34 4
25 47 26
23 30 10
16 4 45
2 47 19
50 5 24
25 11 31
3 38 46
8 33 19
27
32 42 9
34 26 12
10 24 37
34 3 47
50 7 43
1 5 11
2 9 36
26 21 17
30 9 14
40 43 34
31 1 22
6 13 3
29 1 38
34 49 48
42 41 33
46 3 32
6 39 35
28 7 36
36 20 14
30 5 43
31 27 32
45 29 15
47 19 20
46 16 1
38 50 36
41 32 29
31 18 26
21
10 37 5
46 8 18
25 12 13
7 38 44
3 19 10
50 37 32
45 4 32
34 3 19
24 36 47
4 3 24
42 8 4
1 25 15
13 37 10
2 33 37
22 44 45
8 25 48
11 8 49
16 26 45
1 24 28
6 47 2
13 2 7
11
1 39 17
15 28 28
19 12 16
40 5 13
48 30 10
10 37 10
27 15 4
28 40 31
35 37 34
49 40 41
37 8 43
23
10 16 38
28 29 3
19 34 15
18 15 26
28 3 35
6 17 40
33 7 21
19 45 4
17 36 46
4 44 38
21 31 33
50 35 44
35 2 23
49 27 41
3 14 9
20 3 38
28 25 43
24 31 28
9 26 46
4 16 13
36 50 18
21 43 38
24 17 39
3
23 50 7
26 15 15
47 20 4
27
24 26 44
21 1 24
33 11 2
2 15 19
42 2 18
30 24 12
5 47 28
29 49 34
4 13 1
2 34 4
29 28 2
29 3 27
40 6 48
6 24 32
7 41 36
31 2 27
27 31 6
25 17 12
40 17 41
23 22 46
2 26 50
7 2 28
12 1 7
38 35 48
28 20 3
32 46 11
14 3 41
30
46 30 15
35 46 7
10 20 2
11 47 1
19 50 31
31 1 39
18 37 36
47 8 38
30 3 48
44 7 41
23 23 12
21 29 7
42 33 44
38 35 3
37 17 15
39 5 36
27 40 18
34 29 35
38 29 33
45 19 15
19 30 8
50 38 32
32 31 2
18 35 45
35 2 32
39 37 21
29 4 9
9 40 36
37 24 19
5 38 7
23
21 36 47
20 24 29
3 6 32
23 43 27
7 44 8
47 32 28
27 35 39
36 26 26
22 1 46
29 39 4
14 35 6
39 15 29
45 47 50
37 23 3
32 30 25
13 10 33
49 50 29
26 25 6
26 20 41
16 26 14
1 33 42
15 11 6
11 11 46
10
28 33 15
11 15 39
23 26 23
23 25 1
48 1 6
26 22 48
41 47 12
43 30 5
8 42 12
20 2 8
19
29 5 16
39 21 6
14 46 28
36 22 31
36 22 38
11 43 36
3 42 49
46 21 3
3 14 15
24 16 24
30 33 22
50 41 50
47 20 41
18 50 4
39 38 41
34 23 26
27 23 38
49 27 41
12 43 36
20
15 27 16
45 12 40
44 2 41
41 21 31
8 23 36
49 10 27
34 34 4
10 6 44
10 32 34
21 27 21
50 42 12
13 33 26
14 24 20
36 6 16
8 42 8
19 18 15
2 23 15
9 16 50
43 1 11
19 23 20
13
42 10 34
4 43 12
19 18 33
6 23 48
16 16 5
34 35 22
36 8 38
46 25 38
38 26 50
6 48 20
18 34 12
12 45 5
29 29 8
8
33 3 27
48 19 33
34 3 6
21 12 44
16 37 33
4 12 34
9 11 5
28 44 18
22
31 39 40
8 17 19
43 22 47
42 40 31
25 44 37
45 6 32
13 42 16
16 5 49
26 15 4
4 11 23
42 50 45
11 20 27
32 16 37
23 49 29
16 35 22
21 18 47
14 33 43
18 33 5
33 38 22
43 11 50
44 5 3
16 33 46
28
41 31 19
15 29 49
31 15 21
3 32 19
17 14 11
36 49 18
18 36 41
12 46 40
8 2 44
23 35 42
5 3 1
36 4 42
50 24 6
34 42 38
49 4 43
47 23 9
33 16 46
28 5 14
30 1 27
14 44 34
18 44 8
21 37 13
46 45 48
39 32 49
45 24 32
17 34 31
32 30 27
39 45 9
0
