1000
9503
8492
8095
3458
4887
1480
2671
9040
7587
4501
548
5133
1596
1725
5154
6833
883
9831
2937
546
2266
540
1426
7439
1536
9363
3461
5641
1929
8521
2665
5088
7962
7706
3554
9544
1237
9136
3171
1010
2043
4848
8081
6290
3739
4926
3360
3129
1609
2329
2136
4983
3260
500
8793
8751
783
8758
9564
4647
9356
8357
9660
1114
2234
4989
9490
5735
2486
9418
921
8657
4640
1181
3795
3757
4650
3418
7911
2251
6113
4511
3833
3776
3235
8752
4412
1817
6233
3852
3500
5780
7859
4018
6924
2667
8358
9346
8635
6749
4358
1544
1293
7572
2151
9513
6474
8096
735
7407
5752
977
690
3649
6115
2172
8138
9703
8121
3303
103
5685
7925
2880
8531
9962
6578
670
1724
5936
3956
4009
3155
5036
6557
9976
7129
7965
4911
7669
5714
3267
713
2072
2024
4949
1499
6324
576
9169
7340
6082
8584
4216
9972
3977
7983
4221
9678
9011
9041
6413
9743
6294
3645
1195
958
1767
8512
2576
8094
3129
5704
7067
7920
3459
380
5793
3631
5322
1644
2969
7246
4995
6002
3700
2857
2318
24
6707
2382
3267
9317
9407
8043
4322
1722
3418
6284
1900
3135
5114
845
3830
5329
2536
51
1053
7435
7040
6704
3790
5394
9661
6228
8802
7095
2520
8530
1139
8688
6941
8325
8132
3548
4333
5866
7889
4785
7845
8961
2311
9976
4883
3466
623
9216
8240
85
4203
12
6026
4618
8052
1884
425
3517
8504
9156
1597
4067
1340
3571
7760
1775
4485
694
4528
5161
6624
6160
230
9375
7847
4709
8258
5514
8984
7082
5171
1617
1087
4726
5515
5606
7829
6862
662
4852
4919
5578
971
9985
2206
5528
4984
954
7406
9049
177
2288
4397
6304
5819
4895
8861
7542
8184
4408
757
4416
2213
9175
7044
3842
7250
53
6228
1394
49
550
5483
3078
748
121
2913
5622
4937
5026
8267
2348
9190
5251
5616
2892
8307
6965
252
1005
1588
7178
2477
829
9245
9163
1413
6319
7006
3930
3934
8319
1335
6783
9442
3685
8133
866
9835
1767
4315
6800
8543
8817
7368
271
3976
3028
9976
1025
9060
9455
9493
2658
496
2936
5887
674
4215
5142
9076
8790
4326
3058
6680
2787
5295
606
8684
4053
3529
9794
38
2457
7789
6991
5605
9884
5706
1223
7243
870
3766
6604
2174
4614
2310
7585
7901
1751
1769
2806
388
6378
5825
6580
8344
2845
8200
6648
309
849
6845
4192
7240
9558
7035
4547
4765
1380
4282
4143
1834
5448
7551
320
7962
9685
4500
1944
3234
9964
7428
793
9899
3478
4457
1416
8797
8652
1853
5250
7804
556
5518
7817
6668
3756
1181
7629
2012
1034
3636
2547
3494
6093
1068
1900
5907
3913
1998
4193
769
296
5759
9852
7583
6192
4041
8352
3826
3354
6011
6565
774
3476
5679
4338
2916
2945
6065
7942
3809
1415
9048
3345
1859
9367
4984
5287
2511
2828
3928
6162
6478
5849
6790
4901
7012
313
9417
6539
4026
7193
7804
8012
9683
8755
9134
387
6014
9540
1345
81
6486
5877
8755
7284
6169
8472
9235
498
319
5609
9046
9878
5231
113
3636
7337
7996
2522
9780
6043
105
9604
9276
4126
1136
9807
6639
4389
5350
524
9701
1189
9681
395
3813
5376
4253
2953
9234
271
3314
8354
7986
6291
314
4560
7167
6759
8054
1183
2436
2078
2999
8613
3549
9668
1531
1406
546
4592
5108
5296
1812
2604
5502
5274
5209
8216
3443
1208
6946
9820
9060
3352
7911
5842
912
6457
860
8695
468
4704
4699
180
722
9945
2508
5920
927
4355
4561
2851
595
5784
8527
6014
3149
7587
2774
2788
8150
6684
651
5241
5027
9016
2701
4909
9307
7461
3107
2053
9525
7297
117
4625
3476
1184
7717
5662
9722
9236
5596
912
4733
4400
6399
4430
1409
180
6721
3613
7740
9010
4247
8694
999
8671
5787
2939
8286
2695
3380
8472
9601
3613
7123
2295
4580
3510
6295
3219
8518
7425
333
4701
1691
7149
575
2808
3347
451
8999
3020
988
1715
803
2965
6209
3624
8099
2600
9121
9330
3296
1879
850
7493
1131
7869
4096
9543
9241
9283
2642
4439
8982
8519
5303
5256
9499
2052
627
940
1530
1906
5160
1451
5165
5747
8951
7332
725
3331
7276
3836
7312
3529
4290
6880
122
9978
1138
7230
2466
6573
8474
9035
6188
7843
2058
6917
3977
3570
4801
3613
7855
286
6570
9403
7325
1230
484
8796
2098
3916
5980
8939
4002
7720
5752
4498
8447
3339
7189
6142
4965
4288
6754
4566
3935
7325
4276
6527
8355
2283
9569
6364
8857
9123
9277
2420
5232
6612
4010
9178
4410
5750
4637
6761
2092
3270
2687
2986
9000
6921
6077
2812
3719
8780
5375
7411
4156
7030
1879
840
5702
1736
3729
8792
224
1377
4280
7107
4766
7274
9637
3216
2733
3741
521
5113
1471
9928
9690
1653
6720
725
1311
8165
9209
7607
9010
5597
1372
7617
6025
1473
8498
4741
6250
2993
6845
3490
7207
4617
499
7316
1216
690
7513
7066
5380
9367
6827
5067
2676
4107
1268
5430
6426
2067
4679
3772
9421
3257
8376
8962
5310
2183
6907
1090
1738
1440
5431
9095
1793
5943
571
2346
6057
6870
4924
1693
4931
1355
2165
9339
2324
1334
8081
9676
4356
4676
6234
7580
8973
2889
5435
5022
2713
5828
7927
7740
5986
5193
7274
448
9437
6299
4276
7197
6374
4505
7709
609
1336
1592
3185
1660
5668
7765
5422
5673
6849
7719
5473
9043
4161
7463
2035
7857
4838
7188
1079
5722
8692
6398
110
4658
706
4329
4132
9131
7559
192
6320
4439
2514
6785
210
2407
8664
7091
3744
9740
5169
6198
4988
4836
3065
9523
8325
2218
7287
7830
8096
2411
5432
1525
3008
88
9085
4013
8572
7014
9615
1937
2678
9498
1723
477
5255
2153
9067
1879
9614
5569
6386
4532
2115
9025
3719
7276
2497
2512
7014
3839
5733
8394
1115
4174
6408
5858
3203
1528
9174