44 28 45 11 34 9 47 15 19 20 30 32 20 2 2 38 11 24 30 34 43 34 31 13 19 8 0
46 44 8 13 36 33 46 48 14 23 33 22 42 40 36 29 23 38 13 33 22 33 18 47 9 0
29 45 30 45 21 23 39 39 3 39 2 17 50 47 48 15 35 16 28 39 9 6 0
42 2 38 27 8 37 15 35 46 17 22 29 39 35 26 16 16 31 44 35 3 14 2 0
4 17 43 31 37 40 12 45 43 13 5 21 1 48 44 5 5 31 18 38 16 1 27 16 22 35 18 43 0
49 13 16 44 5 3 19 10 26 48 29 47 24 28 12 12 44 26 45 41 0
10 21 18 48 29 30 49 9 7 4 31 6 27 22 46 2 47 18 25 0
17 34 13 10 28 46 32 33 42 9 23 4 28 45 0
23 3 2 33 29 28 20 44 23 22 2 44 26 31 25 7 28 3 50 21 0
29 5 16 3 22 10 5 47 14 12 15 14 9 10 28 47 3 45 4 37 36 42 27 1 45 15 6 33 0
48 27 38 3 25 24 33 14 45 7 12 3 33 40 35 26 44 42 20 35 17 40 39 32 33 10 0
26 11 43 26 20 28 9 14 23 18 43 42 34 46 9 45 45 47 2 49 29 30 46 49 18 43 9 41 47 0
38 18 32 40 24 1 40 39 38 18 7 37 25 43 34 23 13 50 20 28 40 35 41 47 7 14 10 9 50 33 0
46 36 3 21 6 47 46 26 31 32 33 7 0
4 6 14 49 14 4 40 33 35 16 11 34 33 15 47 10 4 20 41 23 20 27 18 1 0
23 45 23 39 2 11 24 34 3 16 10 38 10 48 32 47 20 29 32 38 45 39 10 37 23 50 33 0
30 3 35 31 21 17 38 9 19 46 27 47 7 3 22 37 50 1 31 11 0
16 29 42 47 41 48 32 20 1 5 19 3 46 49 21 39 39 21 48 36 8 40 32 13 0
50 5 22 40 40 42 21 10 50 16 30 36 48 28 18 25 42 2 15 32 40 35 24 26 23 47 18 27 0
47 13 8 48 10 41 11 22 21 11 48 21 18 23 2 17 0
42 48 45 33 22 7 38 47 14 22 45 48 34 12 45 43 11 15 1 22 5 14 33 25 21 27 49 0
49 35 40 47 14 26 49 30 22 15 32 34 49 30 24 45 36 39 15 23 26 44 37 29 29 0
8 16 3 5 28 47 24 3 23 25 48 12 3 18 16 41 44 13 33 11 35 8 18 9 23 48 25 12 41 42 0
45 25 21 1 47 39 30 35 26 30 31 35 20 36 38 29 3 22 50 15 40 39 1 0
4 27 9 30 36 37 36 27 7 23 0
48 8 3 48 34 9 11 28 48 22 50 28 43 5 5 41 10 9 2 28 3 20 1 24 18 34 30 42 10 48 0
35 4 45 13 27 23 20 42 45 37 18 29 20 14 36 25 38 15 49 38 49 4 29 11 0
8 30 3 46 37 18 48 30 8 40 15 14 44 20 31 38 26 23 18 17 28 20 23 0
43 33 46 3 23 39 37 16 6 12 33 19 26 33 7 28 48 0
37 29 14 21 50 26 34 50 1 13 32 21 0
14 48 31 20 36 48 17 5 19 12 25 19 49 43 23 49 14 13 36 46 0
18 21 47 29 12 32 7 8 1 3 13 30 48 44 0
38 42 22 26 26 49 33 10 36 27 50 48 17 8 12 11 15 50 49 6 0
29 21 42 28 33 45 37 24 47 11 50 36 40 38 45 37 50 12 0
8 24 21 18 36 45 47 50 47 39 47 42 28 19 28 3 1 18 41 41 21 50 10 5 36 48 35 4 41 27 0
20 43 50 46 37 8 13 4 23 46 7 49 21 32 12 14 40 19 13 29 10 49 34 8 1 50 10 17 44 39 0
23 27 3 14 31 33 38 44 15 21 7 42 11 42 14 1 41 26 27 18 2 50 11 38 4 30 38 0
38 37 2 11 43 25 45 21 17 34 22 48 15 35 11 43 37 35 24 17 32 18 0
5 28 38 40 16 14 13 48 29 33 8 43 43 7 46 33 35 48 28 49 14 1 32 35 20 42 43 15 13 6 0
39 17 27 12 4 30 47 17 30 16 48 37 14 23 16 26 9 12 0
6 18 31 23 14 16 12 29 14 22 0
13 36 15 5 42 36 6 28 18 5 42 37 32 39 34 46 41 16 48 49 42 28 1 2 46 0
50 5 38 22 22 39 36 2 29 48 21 40 7 50 31 12 20 50 39 0
27 13 2 2 5 17 13 15 28 39 15 46 4 43 19 44 26 26 50 0
24 41 48 35 18 44 13 7 47 16 45 42 39 40 34 35 32 47 29 39 42 34 18 31 0
41 26 30 16 33 1 13 46 30 20 9 8 21 33 29 9 21 50 23 32 8 14 46 0
36 40 29 7 48 22 43 18 18 27 15 9 10 36 12 21 23 39 1 0
43 33 6 50 31 30 39 40 45 25 34 37 35 4 9 18 20 42 25 9 38 45 31 12 0
16 27 43 30 3 44 40 15 20 50 3 36 46 50 14 15 33 0
45 36 17 25 4 3 33 16 1 43 6 20 2 35 3 9 2 33 36 38 43 16 47 48 18 38 17 4 16 0
46 5 9 1 33 3 17 13 32 19 1 14 32 18 6 7 4 8 16 47 0
15 27 26 29 44 3 7 1 39 17 38 49 1 7 40 37 19 30 0
5 31 24 41 18 28 8 11 44 17 16 4 38 43 24 0
17 8 8 1 24 1 40 39 2 42 2 19 18 27 31 33 46 9 10 31 24 0
41 20 15 22 32 16 25 4 10 40 3 27 0
8 40 2 35 9 29 13 29 34 40 7 45 33 42 42 23 42 5 7 18 9 28 48 24 34 13 12 0
6 21 23 6 20 23 4 39 12 10 17 8 49 47 29 0
10 34 33 8 24 23 41 40 32 46 9 28 13 46 25 36 36 46 11 43 19 44 46 0
26 28 38 41 19 7 17 16 32 39 19 43 16 44 20 4 43 48 42 34 43 39 31 42 2 27 28 37 21 31 0
26 2 2 2 13 6 46 3 48 30 25 37 22 35 22 46 0
21 43 15 31 24 2 8 2 26 29 47 50 29 17 47 49 20 33 40 0
44 25 19 26 17 39 24 1 25 1 0
1 47 7 3 45 6 45 13 38 31 45 17 8 13 10 21 27 0
41 37 48 42 8 19 18 3 50 18 26 36 46 42 28 35 12 45 30 32 40 49 13 0
27 41 2 35 18 43 39 6 3 32 23 37 13 7 46 19 38 44 0
35 12 29 32 26 47 12 4 37 41 4 35 6 33 14 33 4 28 11 31 0
46 3 17 39 11 40 46 28 46 6 8 38 47 0
2 14 21 17 5 11 1 25 13 31 48 23 23 23 50 26 18 28 30 9 10 0
10 34 33 36 31 49 18 3 45 1 8 1 1 33 20 2 40 4 0
17 12 41 37 30 24 47 11 26 36 22 25 16 31 34 15 47 22 39 0
27 32 46 1 37 42 39 41 43 29 12 9 38 35 37 47 5 20 16 33 0
7 42 32 22 20 13 17 22 39 9 47 43 0
19 39 11 6 50 2 21 50 37 35 33 7 28 23 48 11 37 39 46 28 22 35 43 0
19 10 28 17 24 17 11 26 36 12 16 1 45 31 24 43 0
24 29 39 45 12 8 47 22 17 31 17 42 30 39 34 39 29 43 23 0
10 5 38 1 44 1 28 6 44 10 25 5 13 11 30 3 46 36 4 33 20 20 8 42 15 30 3 0
21 44 49 23 6 22 17 38 29 21 9 38 50 19 26 6 13 16 33 26 26 42 7 44 5 7 27 3 9 41 0
2 15 4 43 21 36 16 39 15 4 8 46 7 39 8 32 31 15 14 2 19 1 18 2 39 5 17 0
24 12 11 45 47 35 33 6 44 38 45 12 14 9 41 11 6 47 34 15 6 0
35 6 12 24 25 7 9 21 4 46 16 38 15 45 41 30 17 42 47 2 15 1 2 0
44 1 37 46 41 32 35 13 3 8 34 32 0
44 3 39 38 10 2 49 8 2 2 25 1 11 15 23 0
41 36 1 38 43 37 48 1 15 40 28 41 14 21 19 11 6 45 14 20 48 36 0
7 17 34 32 14 41 1 33 3 5 24 15 38 14 41 15 27 18 13 22 24 39 2 34 50 8 50 37 23 0
16 5 48 13 19 11 12 40 34 30 41 48 27 36 48 36 12 9 25 22 26 2 7 44 8 25 45 24 1 0
20 3 37 19 12 4 20 11 36 30 0
12 17 31 9 46 39 6 8 39 15 23 28 40 32 35 26 38 25 2 48 31 9 33 25 33 35 46 48 0
3 10 24 3 22 11 25 31 33 21 1 41 37 5 45 44 39 37 19 0
19 24 36 13 42 26 48 43 3 33 15 45 9 1 30 4 22 43 0
38 46 35 38 7 11 27 4 37 48 37 0
45 21 30 17 6 10 15 39 31 6 44 6 29 10 25 0
34 3 16 10 4 26 45 20 12 33 3 33 21 15 33 24 20 45 2 13 24 4 37 28 10 27 4 17 48 29 0
27 47 18 7 48 3 41 42 49 16 1 43 16 0
4 18 42 34 6 9 26 15 44 26 24 0
29 6 15 5 13 43 43 22 39 3 25 47 49 0
5 29 30 38 22 48 10 13 5 43 48 50 22 31 19 27 28 6 0
28 44 21 2 48 11 31 42 45 21 26 27 22 1 15 43 6 3 0
39 47 30 21 5 17 13 14 38 32 41 0
23 11 19 17 22 37 8 3 16 2 32 15 0
31 48 12 43 31 19 34 10 20 42 20 2 10 49 13 13 48 45 8 10 10 6 16 50 0
50 38 7 46 32 17 41 42 5 38 11 23 6 40 4 8 9 30 48 25 0
30 36 34 34 30 43 13 49 39 3 44 18 1 11 21 23 36 44 11 46 13 10 47 49 50 29 31 46 46 0
19 10 30 46 8 9 41 35 10 26 5 38 6 1 39 26 24 49 8 25 32 8 14 32 46 43 26 42 0
15 44 47 24 29 24 30 43 47 20 16 0
5 2 45 49 8 14 2 49 36 23 6 37 7 5 9 0
26 40 31 45 7 14 31 38 13 30 32 22 11 11 15 36 30 27 42 6 50 48 31 17 42 42 10 21 24 36 0
42 6 27 10 42 30 49 16 42 30 1 36 28 32 16 4 12 5 21 4 11 37 50 8 16 43 42 4 4 27 0
38 15 23 11 25 42 7 45 46 18 4 29 43 49 8 32 23 42 8 0
6 12 39 8 17 18 22 41 11 26 0
42 17 40 49 37 48 8 27 1 15 0
30 26 2 12 45 32 14 22 45 23 1 20 19 46 36 19 47 17 2 42 25 24 15 16 3 0
19 31 49 32 24 6 10 19 6 6 34 6 27 39 10 38 43 34 35 8 39 43 47 0
29 47 32 5 26 34 36 17 13 16 21 46 11 5 0
21 9 45 18 33 43 26 9 42 30 43 47 10 35 21 39 19 12 26 36 15 39 35 22 47 37 0
33 3 34 39 10 32 17 36 34 3 0
30 43 33 5 16 20 8 29 48 37 45 33 22 21 48 45 42 36 18 22 13 48 16 34 0
9 5 11 14 2 3 4 9 14 21 42 19 50 36 13 46 0
34 29 47 26 40 2 27 44 35 40 16 21 33 40 23 43 31 34 47 45 0
16 35 41 29 10 10 2 17 18 13 49 48 37 23 46 48 47 48 0
1 21 25 34 32 12 50 47 11 2 0
44 26 44 8 46 39 32 20 36 1 22 37 44 50 0
33 15 24 40 9 1 13 27 25 25 35 10 48 27 38 0
48 40 15 23 49 36 40 48 9 19 2 33 32 21 14 46 0
5 36 15 22 7 42 47 2 41 10 20 39 33 11 31 3 0
36 12 40 25 40 29 17 33 19 8 47 50 31 29 1 7 4 7 17 47 16 36 27 13 49 0
45 21 6 2 22 10 35 10 49 3 23 23 18 25 37 36 34 25 36 12 33 20 22 10 48 27 18 29 43 30 0
14 36 43 46 4 28 31 23 30 3 20 20 21 33 6 16 11 16 30 31 2 14 41 45 10 0
43 17 5 19 14 4 47 26 19 20 34 30 25 13 45 30 0
23 37 3 25 35 3 37 33 41 14 15 42 14 20 23 5 46 10 25 16 30 26 42 49 35 15 2 25 0
48 28 35 3 26 17 11 34 39 29 4 4 50 41 0
39 5 16 23 4 2 26 44 35 44 27 2 40 37 21 26 34 46 32 0
48 11 35 29 32 33 47 45 40 24 10 11 30 5 37 13 31 33 3 11 0
14 33 31 25 18 12 3 32 47 2 4 37 30 24 2 13 49 30 1 29 41 46 0
39 6 12 13 46 22 14 41 15 26 47 46 37 26 41 26 18 44 42 44 27 28 0
14 34 48 41 27 35 24 30 39 35 23 19 23 0
46 10 9 9 30 46 36 23 1 33 44 32 49 47 45 0
35 32 3 2 43 47 49 7 3 20 43 40 1 34 27 14 36 38 18 7 34 0
2 50 21 32 27 45 4 11 15 17 1 2 6 25 46 27 16 33 48 28 0
25 48 42 47 35 46 36 45 7 3 36 8 35 17 21 14 32 8 8 39 47 25 18 39 19 25 0
48 6 22 4 30 38 48 44 7 24 6 27 25 15 32 17 27 9 6 0
38 33 16 24 48 35 32 3 18 47 4 29 0
43 10 40 43 45 15 30 46 48 18 48 13 49 21 20 47 4 36 7 42 38 2 24 2 4 43 23 0
38 20 13 30 29 33 40 35 23 12 28 36 19 18 27 20 50 26 18 44 5 11 22 24 12 46 0
28 45 48 22 5 34 16 49 27 9 37 30 39 46 20 42 44 46 6 49 43 36 4 26 48 31 0
30 23 31 33 32 40 44 23 46 26 18 8 10 3 41 4 0
10 33 23 6 8 48 17 35 5 27 45 0
41 40 4 27 44 23 39 17 43 48 43 41 18 2 24 23 36 24 9 49 27 28 37 17 7 47 21 22 49 25 0
47 29 50 38 46 14 22 4 7 47 28 47 30 20 31 19 5 38 7 35 35 28 7 0
5 25 16 15 33 32 46 47 31 8 34 44 17 25 2 5 8 45 15 38 30 48 0
20 32 15 1 26 14 2 20 49 19 40 48 44 10 32 15 0
24 8 2 12 32 17 47 37 5 39 24 2 39 42 49 37 38 37 49 24 15 25 26 13 43 34 46 8 0
4 10 24 40 19 33 9 29 35 18 2 4 25 45 0
10 3 32 14 16 42 7 25 47 8 49 32 3 37 15 50 41 0
27 27 27 3 50 4 23 48 1 34 19 25 23 0
9 24 4 29 12 1 2 5 10 19 26 5 28 41 48 46 15 11 36 26 31 34 0
11 45 19 34 31 49 7 9 6 35 17 35 5 14 2 11 0
15 25 1 10 6 48 38 46 32 33 11 33 0
32 35 47 2 43 11 16 46 3 2 15 5 18 50 13 47 12 1 17 19 22 0
37 13 38 5 40 32 7 45 49 33 11 12 50 30 50 14 4 26 47 5 27 0
10 37 23 50 15 33 45 5 27 2 23 21 15 44 16 28 13 6 37 40 36 40 30 0
6 42 1 20 27 19 31 3 8 50 17 12 39 13 22 0
38 9 6 26 35 22 48 17 17 5 29 8 29 40 15 3 44 47 17 0
47 14 46 48 21 11 32 1 5 24 32 36 36 19 3 13 6 28 25 49 44 19 21 37 1 45 21 45 33 0
35 4 18 39 10 15 9 8 29 22 37 43 15 11 46 32 46 0
13 37 4 21 42 33 9 23 25 43 48 47 34 2 34 41 34 33 48 39 43 23 38 0
4 49 7 6 25 6 13 28 25 47 6 42 27 15 4 3 21 9 25 32 45 26 32 0
50 7 11 42 43 30 19 21 25 1 48 28 24 35 25 2 28 35 39 11 41 0
4 7 4 42 33 4 17 21 45 34 40 6 39 18 26 14 18 20 0
27 35 32 26 31 1 21 29 20 23 8 6 18 23 27 35 43 35 18 29 25 30 24 47 6 40 33 0
43 22 16 13 24 26 12 10 1 3 41 44 49 24 23 7 40 0
37 36 5 31 7 34 35 19 21 19 28 49 22 0
47 12 30 8 50 6 23 22 47 15 5 7 47 43 25 46 0
20 26 5 29 21 49 48 24 10 14 39 47 5 10 38 19 28 42 15 15 50 46 46 25 48 40 0
40 29 26 27 23 10 28 42 7 38 5 11 43 32 36 46 10 44 6 34 27 18 38 6 37 40 45 25 50 30 0
14 33 31 48 39 5 4 35 43 4 44 18 8 2 29 5 34 8 0
50 35 18 50 5 37 2 39 43 21 25 26 42 7 19 32 5 39 0
20 40 28 5 2 15 9 2 6 27 5 1 25 7 2 14 13 19 22 37 12 9 42 26 44 26 46 37 20 18 0
10 18 21 11 17 39 46 46 9 8 12 49 44 2 34 22 48 32 34 0
48 7 14 35 40 2 12 27 14 45 36 4 35 21 40 39 5 5 33 33 37 7 48 22 0
32 33 8 11 21 10 18 10 32 30 30 13 19 38 36 16 3 28 12 50 9 5 23 35 0
16 16 12 49 10 6 4 18 15 46 23 41 0
5 28 46 10 16 26 35 32 22 10 17 48 47 14 48 43 11 12 3 0
16 42 6 5 17 45 25 39 22 19 8 3 37 45 39 23 36 49 0
9 47 1 34 9 14 45 26 7 16 15 6 33 1 37 41 12 41 17 29 25 13 4 4 20 48 21 34 3 11 0
10 39 6 38 29 34 7 42 7 37 9 37 30 29 0
20 5 15 20 1 45 48 44 38 30 47 29 21 14 45 30 3 26 8 3 20 24 21 22 41 0
27 24 1 6 35 35 25 44 16 21 29 24 25 20 27 24 39 14 9 45 46 0
15 21 44 50 41 7 23 40 45 42 7 6 10 25 28 34 22 26 43 0
9 30 8 7 46 1 31 46 5 50 20 14 0
47 21 9 38 26 11 6 2 41 25 35 6 13 19 27 4 40 5 30 0
13 44 2 21 41 36 11 47 33 46 3 40 0
44 43 3 13 24 7 41 13 37 37 14 47 0
4 44 8 27 37 37 50 24 9 39 14 0
45 30 29 37 36 13 44 16 4 18 14 0
20 15 1 30 34 41 33 34 16 36 30 26 18 8 4 46 37 20 21 23 12 32 15 39 16 22 10 20 7 0
24 23 49 12 24 7 10 25 27 18 44 47 21 36 7 14 3 45 4 16 31 0
46 21 27 23 20 44 19 44 1 28 31 35 32 48 27 36 31 30 40 38 17 39 4 13 47 4 7 48 25 33 0
50 17 2 23 28 33 41 43 16 50 42 36 49 40 2 22 9 29 25 27 31 18 36 35 31 14 31 17 24 5 0
34 26 23 2 14 10 6 26 21 36 17 29 2 47 38 26 48 48 36 44 41 48 4 21 0
33 27 31 48 7 9 5 42 3 48 31 25 6 45 5 30 19 49 24 41 47 1 33 9 36 36 4 0
0