100

4
862.23
875.64
40.15
83.92
28.40
53.91

9
470.02
480.03
63.72
74.54
13.79
27.47
14.34
81.46
97.21
71.91
36.92

7
337.99
892.98
59.10
77.30
39.49
53.00
32.39
10.41
47.18

6
888.09
723.02
66.66
71.98
70.20
34.43
10.53
0.30

10
661.34
672.17
63.81
37.94
45.54
41.35
45.43
41.30
41.22
70.09
7.65
47.18

5
409.23
598.47
9.63
68.42
84.88
68.11
98.78

5
435.06
535.96
68.96
40.25
99.04
48.01
87.46

1
384.84
760.47
84.19

10
395.40
277.30
44.86
41.25
49.07
44.75
58.97
44.51
25.42
1.67
1.83
8.54

8
728.71
572.64
61.78
97.42
61.06
98.36
19.44
59.54
62.04
91.02

4
922.77
398.77
96.49
71.03
62.95
37.05

3
291.40
41.26
91.48
92.85
88.83

4
863.91
769.48
62.12
77.27
26.28
20.88

2
63.06
830.35
87.45
62.11

9
195.20
75.63
66.60
5.37
80.98
9.71
88.75
9.19
59.04
0.71
13.87

4
955.14
322.21
6.89
15.28
76.43
32.18

2
657.06
193.94
4.82
45.27

3
63.11
394.68
47.91
89.69
7.51

5
142.53
375.13
45.80
25.09
49.68
74.02
30.83

4
314.45
791.94
14.23
95.93
97.61
82.56

5
548.47
705.27
48.56
13.28
70.04
50.24
45.54

10
362.38
361.44
72.63
11.60
10.61
39.35
60.04
63.62
62.87
52.08
25.09
14.89

3
566.13
583.89
93.48
2.15
21.35

7
821.95
128.25
79.29
99.49
92.63
64.58
82.46
9.11
15.15

5
217.72
924.49
83.91
19.87
79.00
78.25
64.83

9
551.78
106.32
43.92
77.57
72.75
93.35
3.89
19.70
45.52
17.61
35.69

8
208.80
249.81
43.95
80.36
86.36
58.69
72.41
95.24
22.03
74.80

4
195.48
668.61
39.98
67.51
11.16
68.79

6
977.53
348.40
47.21
85.21
15.58
27.26
21.66
10.08

5
254.03
624.17
40.65
46.88
83.81
81.18
6.67

2
660.04
96.59
61.48
78.37

6
593.50
640.81
50.91
93.29
58.32
29.60
93.96
90.98

2
594.28
859.54
84.57
96.16

10
43.74
309.64
63.82
89.46
27.25
2.56
90.17
49.31
4.98
79.32
46.21
55.54

7
549.94
708.06
53.89
67.05
12.19
25.77
79.46
34.05
6.56

10
123.58
119.78
68.01
38.26
12.53
45.59
49.55
99.11
53.17
83.42
15.95
66.71

6
163.78
180.42
52.01
75.92
67.42
94.61
69.53
93.53

7
774.72
880.35
28.62
13.42
77.43
82.65
11.93
48.51
88.58

9
229.58
0.01
57.94
26.40
76.05
37.29
97.09
90.40
82.86
75.70
5.56

1
578.87
229.74
65.50

3
710.43
389.96
83.91
98.33
13.17

9
885.46
342.49
33.49
95.10
21.07
45.34
58.86
60.38
29.49
86.37
48.27

7
467.73
659.46
81.52
89.68
52.81
80.20
29.75
17.41
32.17

3
918.16
802.58
58.32
88.21
89.21

7
886.40
143.25
34.01
42.33
91.64
64.79
33.26
53.21
51.85

5
153.77
252.86
0.15
19.08
93.66
86.36
1.90

9
408.17
751.13
91.62
79.17
39.50
33.56
81.57
75.67
34.14
98.21
61.01

5
470.57
179.22
83.78
63.70
82.39
54.12
68.26

10
109.90
481.03
86.60
12.84
48.08
31.59
59.80
36.26
82.72
72.59
56.69
41.02

1
470.84
365.15
86.47

7
419.98
687.88
30.87
28.42
64.71
29.68
14.32
66.68
76.63

1
842.81
928.23
58.47

8
814.69
588.99
75.23
83.21
22.41
11.95
83.96
32.96
9.74
16.71

2
423.88
368.71
2.25
78.96

6
3.58
891.16
17.33
58.15
9.79
83.76
33.75
22.16

10
90.35
81.07
95.07
69.08
68.31
82.21
44.54
62.52
6.21
0.76
59.86
51.13

10
134.97
139.47
0.21
94.61
40.83
66.98
46.78
33.18
18.44
45.77
78.06
42.04

6
134.65
120.96
8.75
37.05
34.22
79.52
73.89
84.11

8
21.08
531.93
33.37
74.23
38.25
32.18
54.46
57.72
25.85
39.91

7
158.53
154.28
0.59
54.41
65.46
25.94
94.01
8.13
84.22

3
739.66
749.60
10.74
73.71
17.96

4
70.25
936.30
33.60
58.30
34.63
22.66

5
206.95
167.99
10.07
34.16
42.53
3.42
69.11

8
665.23
697.96
11.72
94.51
60.24
7.33
50.95
44.05
50.69
0.97

9
167.82
695.16
87.14
10.17
52.62
87.32
58.16
34.26
76.09
51.30
2.59

10
544.15
41.22
88.69
78.85
94.02
25.06
27.12
69.79
19.52
77.78
76.66
68.07

6
9.57
796.64
30.73
22.70
15.38
99.62
45.25
44.67

2
898.98
0.48
55.73
58.44

5
501.50
524.90
55.98
81.59
35.58
87.91
45.20

2
461.99
591.04
11.50
87.51

10
387.55
300.57
46.04
74.35
14.57
19.27
62.44
54.35
55.35
47.08
70.38
60.82

6
203.01
823.14
23.31
25.96
48.80
49.65
17.00
59.40

2
694.45
582.87
23.27
69.61

9
64.02
194.04
28.68
22.73
94.77
25.84
62.52
41.24
12.64
4.24
56.66

9
128.15
547.27
88.50
10.84
89.51
44.92
7.47
44.28
59.43
78.99
13.60

4
465.17
740.31
44.41
76.86
61.46
97.76

7
81.82
62.86
17.09
96.32
3.20
34.41
46.80
98.96
23.34

8
260.35
795.90
69.90
86.09
24.69
82.81
97.56
62.26
26.92
95.93

8
471.09
907.78
64.60
32.20
17.47
51.80
85.26
77.62
27.13
26.10

1
605.41
314.68
91.19

3
199.72
982.36
58.46
27.72
87.60

10
213.88
6.04
33.23
1.02
50.24
29.05
89.08
70.52
24.52
68.08
52.64
42.43

10
754.98
958.84
64.60
12.85
40.06
46.37
45.19
15.55
53.27
90.60
6.18
99.94

7
496.64
123.57
40.14
12.24
68.04
57.63
4.83
26.87
99.32

8
783.86
684.90
55.55
44.14
3.92
28.57
63.80
83.32
1.67
10.60

7
365.53
618.34
78.39
6.46
21.44
43.47
77.86
46.54
63.47

8
444.62
343.68
71.12
5.96
5.83
44.58
16.42
93.59
89.59
77.15

10
879.96
741.63
23.94
9.06
36.36
9.33
11.99
76.98
71.03
88.41
14.18
98.07

10
407.87
751.50
78.01
64.64
58.27
19.63
53.79
66.24
23.46
17.22
39.62
44.84

2
499.11
670.11
35.32
21.86

1
797.95
949.52
73.17

2
982.04
702.04
85.32
92.54

2
202.41
386.73
26.81
74.05

4
211.90
812.10
2.38
98.22
5.52
21.78

5
127.65
895.97
63.85
90.83
26.95
18.50
15.92

8
598.27
669.10
88.59
78.42
83.82
58.63
40.60
88.21
65.44
80.01

7
759.60
599.28
42.00
72.32
24.82
83.69
88.77
28.15
62.14

7
212.12
518.30
12.57
93.83
45.76
75.64
68.40
57.33
81.33

5
554.10
425.58
67.64
99.67
51.77
28.43
32.90

10
709.20
496.93
50.48
45.87
14.61
4.39
44.71
74.31
89.54
10.58
29.53
26.09
