100
386 8883
6415 2277
7835 7293
-8 4886
921 6149
-473 1862
-441 8190
3426 7263
2926 40
5236 8672
4868 4711
5929 2067
1030 5282
4623 2362
2635 3567
9302 3429
2558 3522
7667 2569
7956 893
7542 4511
6873 5729
4419 3921
8037 3284
3824 4698
3870 7815
3026 5913
8480 5591
1373 9456
8670 6362
6781 6496
425 1805
5827 6584
6005 -164
1229 346
5357 813
3395 5624
45 9082
2867 8314
-136 4934
3250 3543
6308 587
6678 6776
3084 5288
2151 4903
1899 2254
4560 9432
2868 9176
-488 7239
8086 5726
7039 7594
70 295
-122 934
6101 6967
2402 -403
-8 2817
256 6152
-220 6801
8941 3786
9189 3365
6119 7944
4229 7940
7617 7531
5271 7597
175 3981
8427 209
7356 4067
1853 8997
6465 4086
4183 4806
8124 5719
2371 1028
8329 5232
-481 9003
2868 7770
6215 9208
7649 5840
223 7296
1745 2118
2951 2346
3055 2421
6988 1879
7728 7264
1850 9341
1000 4693
7264 6534
4414 -376
5356 6487
5991 3243
7865 1727
1436 9359
2051 932
8728 5937
4907 2775
5621 974
3895 8358
737 5529
3293 7735
3928 5318
511 5643
9029 5428